1 0.0146484375 0.5246560825958703 0.030625 0.07931999999999997
1 0.0263671875 0.7825004188790561 0.05375 0.10387199999999996
1 0.029296875 0.9545407876106196 0.06 0.0887629999999999
1 0.03515625 0.6025011563421829 0.07125 0.07554300000000004
1 0.0210546875 0.6784572300884956 0.038125 0.0736549999999999
1 0.041523437499999996 0.4285184513274336 0.06125 0.06421099999999999
1 0.0472265625 0.30080574631268436 0.065625 0.051936000000000024
1 0.0649609375 0.6787462713864307 0.076875 0.1104809999999999
1 0.06828125 0.8729177138643068 0.070625 0.09254099999999998
1 0.07132812499999999 0.5465462713864307 0.06812499999999999 0.1104809999999999
1 0.0648828125 0.4887187463126843 0.042499999999999996 0.05193599999999998
1 0.0916796875 0.7761241238938054 0.06875 0.11614800000000004
1 0.094609375 0.9444500088495574 0.075625 0.0812090000000002
1 0.08703125 0.265039598820059 0.039999999999999994 0.057601999999999966
1 0.1166015625 0.5945330825958702 0.065 0.07931999999999997
1 0.112109375 0.3199254513274336 0.04375 0.06421100000000003
1 0.12546875000000002 0.5114360825958703 0.05500000000000001 0.07743099999999993
1 0.133046875 0.8645365663716814 0.06000000000000001 0.09820599999999999
1 0.1404296875 0.6797527876106194 0.06874999999999999 0.08876300000000006
1 0.1389453125 0.2731870412979351 0.02562500000000001 0.04060500000000001
1 0.154765625 0.5726972300884956 0.05125000000000002 0.070822
1 0.1691015625 0.9331190088495575 0.065 0.08120800000000003
1 0.1623828125 0.4404972300884956 0.04250000000000001 0.07365499999999998
1 0.17171875 0.7439647876106196 0.05499999999999999 0.0887629999999999
1 0.1641796875 0.3255914513274336 0.037500000000000006 0.06232300000000002
1 0.186796875 0.5005181563421828 0.06 0.07554300000000004
1 0.198203125 0.8436457138643069 0.06812499999999999 0.09348399999999986
1 0.196796875 0.6616949351032448 0.05875 0.08498499999999996
1 0.18296875 0.28327782005899704 0.02437499999999998 0.04721400000000003
1 0.211953125 0.33173304129793507 0.03562500000000002 0.03871600000000004
1 0.224921875 0.9185952713864307 0.06 0.11048099999999998
1 0.2296484375 0.7260227876106194 0.061874999999999986 0.089708
1 0.2265625 0.4564958938053097 0.048750000000000016 0.04627
1 0.21796875 0.2931974100294985 0.02375000000000002 0.023607000000000055
1 0.2337109375 0.5896942300884955 0.04625000000000001 0.07176600000000002
1 0.2437109375 0.5087199351032449 0.04625000000000001 0.08309699999999991
1 0.2533203125 0.6464690825958702 0.05812500000000001 0.07931999999999997
1 0.2648828125 0.8359113451327433 0.073125 0.10859299999999993
1 0.259453125 0.32878318879056045 0.03687499999999999 0.034938999999999984
1 0.2570703125 0.2872977050147492 0.026874999999999982 0.013220000000000023
1 0.2716796875 0.451064598820059 0.03875000000000001 0.05760099999999998
1 0.292890625 0.7148711563421829 0.05124999999999996 0.07554300000000004
1 0.286328125 0.5812587463126844 0.03687499999999999 0.05193599999999998
1 0.2878515625 0.49101264011799406 0.03437499999999999 0.09537299999999999
1 0.2959375 0.8920374188790561 0.04874999999999996 0.10481599999999999
1 0.305859375 0.338693598820059 0.044375 0.057601999999999966
1 0.3103125 0.6390944513274336 0.04749999999999999 0.06421100000000007
1 0.3241015625 0.8157307876106195 0.065 0.09065099999999995
1 0.3148828125 0.44575733628318587 0.04249999999999998 0.029272999999999955
1 0.3339453125 0.38118659882005906 0.05812500000000004 0.05760200000000001
1 0.3430078125 0.585449820058997 0.04249999999999998 0.05004700000000002
1 0.3459375 0.5234148613569322 0.048750000000000016 0.08687500000000009
1 0.3508203125 0.7201230825958702 0.057499999999999996 0.077432
1 0.354296875 0.8809493038348081 0.05874999999999997 0.0689320000000002
1 0.3587890625 0.338693598820059 0.049375 0.057601999999999966
1 0.3643359375 0.6457044513274336 0.04500000000000004 0.06326699999999996
1 0.3648828125 0.44404052507374636 0.04250000000000004 0.06043399999999997
1 0.3782421875 0.7973747138643068 0.05375000000000002 0.09254099999999998
1 0.379375 0.38537767256637173 0.03187499999999999 0.055713000000000006
1 0.3871484375 0.5800175250737463 0.030625000000000013 0.06137900000000007
1 0.3987109375 0.709205156342183 0.04625000000000001 0.07554299999999987
1 0.4069140625 0.43860923008849556 0.04999999999999999 0.07176500000000002
1 0.4126953125 0.6492395663716813 0.05687499999999995 0.0991500000000001
1 0.409609375 0.33279389380530977 0.044375 0.04627099999999999
1 0.4259765625 0.5281993775811209 0.03500000000000003 0.06610000000000003
1 0.4298046875 0.39446093510324487 0.03812500000000002 0.084986
1 0.4371484375 0.6908592625368731 0.02937500000000004 0.03116100000000001
1 0.4467578125 0.5896942300884955 0.04249999999999998 0.07176600000000002
1 0.4573828125 0.42261874631268437 0.041874999999999996 0.051936000000000065
1 0.4705859375 0.634255598820059 0.04625000000000001 0.058545999999999994
1 0.4698828125 0.5408884513274337 0.04249999999999998 0.06326699999999996
1 0.4926953125 0.593058156342183 0.026874999999999982 0.07554299999999996
1 0.769609375 0.46593889380530973 0.04312499999999997 0.04627
1 0.7715234375 0.519997598820059 0.030625000000000013 0.05665699999999995
1 0.78640625 0.5519857463126844 0.040000000000000036 0.05287999999999993
1 0.8023046875 0.5107339675516224 0.03750000000000009 0.04249299999999998
1 0.8166796875 0.46806159882005893 0.038125000000000075 0.05854600000000008
1 0.8166796875 0.5938309675516223 0.038125000000000075 0.04154900000000004
1 0.8225 0.5608353038348083 0.03312499999999996 0.06987699999999997
1 0.8524609375 0.5606641150442477 0.04500000000000004 0.036827
1 0.8444921875 0.5290890412979351 0.021874999999999978 0.04060399999999993
1 0.8528515625 0.5985529675516224 0.03499999999999992 0.042493000000000065
1 0.8526953125 0.49314352507374626 0.026874999999999982 0.06137900000000007
