1 0.057030916666666674 0.7841801875 0.09166699999999998 0.08437500000000009
1 0.08906283333333333 0.6712895625 0.05937499999999999 0.034373999999999905
1 0.10078158333333333 0.7312495 0.018750000000000006 0.015625
1 0.1140625 0.7470708125 0.015625 0.010156000000000054
1 0.12890658333333332 0.7787109375 0.020833000000000008 0.014843999999999968
1 0.1416666666666667 0.7392580625 0.022916999999999983 0.018749999999999933
1 0.20026075 0.729296375 0.025000000000000022 0.011719000000000035
1 0.21249966666666667 0.738671625 0.02083399999999998 0.020312999999999914
1 0.23645799999999997 0.6478520625 0.03125 0.018748999999999905
1 0.23671875 0.7484375 0.024999999999999984 0.015625
1 0.2604163333333333 0.7767578125 0.011458999999999997 0.010156000000000054
1 0.2796878333333333 0.6281255 0.02708300000000004 0.017186999999999952
1 0.2765625 0.7757815 0.01770800000000002 0.015625
1 0.28046875 0.607421375 0.02500000000000006 0.013281999999999905
1 0.3346354166666667 0.8279299375 0.013542000000000018 0.014062000000000019
1 0.3432295 0.650390375 0.015625 0.013280999999999987
1 0.3554684166666666 0.8142578125 0.013542000000000018 0.010156000000000054
1 0.3682295 0.8279299375 0.017707999999999984 0.014062000000000019
1 0.3796875 0.6541018125 0.017707999999999984 0.010936999999999975
1 0.3817705 0.787890375 0.015625 0.011718999999999924
1 0.3825524166666667 0.729296375 0.013541000000000025 0.011719000000000035
1 0.3877604166666666 0.576171375 0.013542000000000018 0.012499999999999956
1 0.3890624999999999 0.78046925 0.015625 0.008592999999999962
1 0.4130211666666666 0.7322268125 0.03854100000000008 0.042968000000000006
1 0.4101565833333334 0.5970703125 0.020832999999999952 0.025781000000000054
1 0.4153649166666667 0.6382815 0.030208000000000013 0.017187000000000063
1 0.4135413333333333 0.80312525 0.011459000000000033 0.00859399999999999
1 0.4921878333333334 0.619921625 0.028124999999999883 0.020312999999999914
1 0.49296841666666663 0.7677739375 0.013542000000000018 0.014062000000000019
1 0.5380208333333334 0.5132815 0.028124999999999883 0.017187000000000063
1 0.5414059166666666 0.6560549375 0.03020900000000008 0.014062000000000019
1 0.5583336666666666 0.674609625 0.022916000000000086 0.021094000000000057
1 0.5664065833333334 0.475390625 0.020832999999999952 0.02031299999999997
1 0.5859378333333334 0.6431640625 0.028124999999999883 0.018749999999999933
1 0.6007815833333333 0.6695315 0.01874999999999997 0.015625
