0 0.4288671875 0.7405943065693431 0.8043750000000001 0.5154060000000001
0 0.3174609375 0.23845112408759125 0.015000000000000013 0.017740000000000016
0 0.3359375 0.25473127007299273 0.015625 0.014939999999999967
0 0.3493359375 0.23057397810218977 0.013749999999999984 0.021474999999999998
0 0.605390625 0.2789042262773722 0.11499999999999999 0.057890000000000046
0 0.7348046875 0.2508785620437956 0.007499999999999951 0.009337000000000012
0 0.7473046875 0.2868854160583942 0.007499999999999951 0.013071999999999993
0 0.771875 0.9815113941605839 0.03249999999999997 0.03361300000000015
0 0.7698828125 0.25875570802919706 0.010000000000000009 0.007468999999999998
0 0.7805859375 0.3601215620437956 0.014374999999999916 0.011205000000000027
0 0.78140625 0.27649570802919704 0.009375000000000022 0.007470000000000045
0 0.8105078125 0.28916056204379564 0.010624999999999996 0.009337000000000012
0 0.811484375 0.38066356204379564 0.011874999999999969 0.010270999999999936
0 0.8141796875 0.2966295620437956 0.007499999999999951 0.009337000000000012
0 0.82515625 0.29330270802919706 0.008749999999999925 0.007469000000000039
0 0.88359375 0.318698102189781 0.08687500000000004 0.03828200000000002
0 0.8823828125 0.36344941605839415 0.010625000000000107 0.013072000000000035
0 0.90078125 0.43668556204379566 0.008750000000000036 0.011204999999999944
0 0.9268359375 0.44789056204379557 0.013749999999999929 0.009337000000000012
