0 0.1979296875 0.43967433923303834 0.25625 0.38715799999999995
0 0.2755859375 0.7363852477876106 0.20124999999999998 0.23229400000000003
0 0.4678515625 0.33684257522123895 0.09749999999999998 0.177526
0 0.4492578125 0.8000990412979351 0.04124999999999995 0.03871600000000004
0 0.479609375 0.7069030825958702 0.043749999999999956 0.07931999999999997
0 0.5208203124999999 0.4871639439528023 0.12000000000000005 0.16241800000000003
0 0.479609375 0.6233376725663717 0.012500000000000011 0.055713000000000006
0 0.5465625000000001 0.33619579646017694 0.11062500000000003 0.16902700000000007
0 0.54125 0.5645579675516224 0.0625 0.042493000000000065
0 0.598203125 0.41116171386430683 0.0675 0.09348499999999993
0 0.61234375 0.25630689380530974 0.024375000000000036 0.044382000000000026
0 0.7577734375 0.42550608259587025 0.061249999999999916 0.07743099999999993
0 0.841328125 0.7308616401179941 0.06812499999999999 0.09537299999999999
0 0.850078125 0.6690152300884956 0.06812499999999999 0.07176499999999994
0 0.8757421875 0.44091130383480825 0.053749999999999964 0.067988
0 0.897578125 0.3095927876106195 0.06812499999999999 0.08970699999999997
