2 0.031049250535331904 0.2785546875 0.062371 0.10125
2 0.034261241970021415 0.17585937499999998 0.069911 0.10562500000000001
2 0.059957173447537475 0.0822265625 0.120631 0.12812500000000002
2 0.059957173447537475 0.891171875 0.120631 0.21562500000000007
2 0.07066381156316917 0.03515625 0.142563 0.071875
2 0.09100642398286937 0.636875 0.182317 0.22000000000000008
2 0.13157072591006425 0.4793359375 0.20767600000000003 0.17062499999999997
2 0.20337144967880086 0.3367578125 0.16312600000000002 0.16625
2 0.19707814775160598 0.2133984375 0.14050700000000002 0.12312500000000001
2 0.21113083725910065 0.0784375 0.12405700000000003 0.109375
2 0.2175991734475375 0.14515625 0.119945 0.133125
2 0.24133319057815847 0.0341796875 0.10829299999999999 0.07
2 0.34250407066381156 0.6762109375 0.198766 0.17062499999999992
2 0.32764445824411137 0.520703125 0.15764199999999998 0.16062499999999996
2 0.3708244582441113 0.366484375 0.15832800000000008 0.10687500000000005
2 0.3764381391862955 0.2614453125 0.14667500000000003 0.151875
2 0.42337669164882225 0.9076953125 0.23235100000000006 0.1825
2 0.38393716488222696 0.0979296875 0.12748400000000001 0.13125
2 0.3915614925053533 0.1828515625 0.13159699999999996 0.128125
2 0.4100308972162741 0.0458984375 0.07882099999999999 0.0925
2 0.508298880085653 0.0263671875 0.09184400000000004 0.053125
2 0.5267595267665953 0.1178515625 0.10692299999999995 0.0975
2 0.5472328201284796 0.2013671875 0.13502400000000006 0.11625000000000002
2 0.5600398115631692 0.29582031249999996 0.14256399999999997 0.151875
2 0.5461665353319058 0.0547265625 0.09938299999999997 0.09749999999999999
2 0.5824837773019272 0.524453125 0.16860900000000004 0.16187499999999994
2 0.5804721306209849 0.3895703125 0.15353000000000006 0.150625
2 0.6419840963597431 0.6681640625 0.17957499999999993 0.20687499999999992
2 0.6206639057815845 0.0283203125 0.07128200000000004 0.056875
2 0.6476498886509637 0.0445703125 0.08430499999999985 0.08875
2 0.6746358715203427 0.0945703125 0.09732699999999987 0.08875
2 0.692926862955032 0.14796874999999998 0.10486700000000002 0.118125
2 0.7187978286937902 0.2285546875 0.12954100000000005 0.13125
2 0.7694325010706637 0.31167968749999997 0.12542800000000004 0.131875
2 0.7416395952890792 0.029296875 0.05414700000000002 0.05875
2 0.8147894239828692 0.882109375 0.18368800000000018 0.16937500000000005
2 0.7826295353319058 0.0611328125 0.09938299999999997 0.10437500000000001
2 0.8060134839400428 0.4241796875 0.13845099999999996 0.13124999999999998
2 0.802031164882227 0.53359375 0.12748499999999993 0.14875000000000005
2 0.806318199143469 0.1186328125 0.10075400000000001 0.10437500000000001
2 0.8646625267665954 0.1739453125 0.10692299999999988 0.12
2 0.8896778372591007 0.2634375 0.12405699999999988 0.14187500000000003
2 0.9035964668094218 0.6592578125 0.15147299999999997 0.16749999999999998
2 0.8787152162740899 0.037109375 0.08978799999999998 0.074375
2 0.9209952077087795 0.06859375 0.09527099999999988 0.08750000000000001
2 0.9369698372591007 0.3624609375 0.12337299999999995 0.13999999999999996
2 0.9406118458244112 0.4869140625 0.1165189999999999 0.14374999999999993
2 0.9438691905781585 0.872890625 0.10897899999999987 0.1775
2 0.9544095524625268 0.12648437499999998 0.08773199999999988 0.10562500000000001
2 0.9643502419700214 0.1797265625 0.06922599999999994 0.09687500000000002
2 0.9821756209850108 0.621875 0.03426999999999992 0.12625000000000008
2 0.9827752933618844 0.260625 0.03152899999999987 0.09375
