2 0.8612109375 0.8568768613138686 0.20125000000000004 0.263306
2 0.0546875 0.8585741313868613 0.109375 0.27917800000000015
2 0.1184765625 0.44111875182481747 0.22125 0.36788000000000004
2 0.090703125 0.10802919708029197 0.16125 0.21662
2 0.1711328125 0.8585741313868613 0.105 0.27917800000000015
2 0.2761328125 0.11870734306569344 0.26125 0.213819
2 0.2790234375 0.541758693430657 0.185625 0.28851499999999997
2 0.326171875 0.7584757080291972 0.278125 0.408029
2 0.27144531250000004 0.302729693430657 0.15124999999999997 0.28851499999999997
2 0.3126953125 0.9846018321167884 0.181875 0.026143000000000024
2 0.4473046875 0.27306641605839416 0.28750000000000003 0.41176499999999994
2 0.5229296875 0.614447291970803 0.28874999999999995 0.39495800000000003
2 0.5393749999999999 0.9262819927007299 0.28187500000000004 0.14285700000000012
2 0.7303125 0.28945060583941606 0.26749999999999996 0.36974799999999997
2 0.6884375 0.8589812773722627 0.171875 0.2773110000000001
2 0.771640625 0.5910679343065693 0.239375 0.463118
2 0.916953125 0.40428094160583944 0.130625 0.321196
2 0.9521484375 0.5733122700729927 0.09312500000000001 0.4155000000000001
