0 0.0078125 0.40781354612005855 0.016875 0.03658499999999998
0 0.0078125 0.437945803806735 0.016875 0.042213999999999974
0 0.0087890625 0.3292862210834554 0.019375 0.07504699999999996
0 0.0126953125 0.13130606149341142 0.02625 0.047841999999999996
0 0.0654296875 0.2120175036603221 0.13125 0.19605999999999998
0 0.0035546875 0.25835993265007323 0.007500000000000001 0.04409000000000001
0 0.076796875 0.5284683382137628 0.15375000000000003 0.25985
0 0.18 0.557180626647145 0.219375 0.28799299999999994
0 0.17777343750000002 0.3420687306002928 0.18687499999999996 0.17636100000000005
0 0.313046875 0.40159882284041004 0.21500000000000002 0.24671600000000002
0 0.36609375 0.6077233689604685 0.21250000000000002 0.283302
0 0.412109375 0.2747283074670571 0.169375 0.23452200000000004
0 0.372890625 0.530492251830161 0.08250000000000002 0.09849900000000006
0 0.5575 0.4302851727672035 0.31375 0.322701
0 0.53 0.6424765285505124 0.22062499999999996 0.307692
0 0.6509375 0.30543185358711566 0.2662500000000001 0.2720449999999999
0 0.711875 0.03074670571010249 0.188125 0.061914
0 0.75671875 0.6875928477306003 0.24250000000000005 0.36210099999999995
0 0.8463671875 0.4923825285505124 0.2093750000000001 0.30956900000000004
0 0.9197265625 0.6671746456808199 0.15875000000000006 0.49249499999999996
