1 0.0826953125 0.7141670000000001 0.08937499999999998 0.125833
1 0.131953125 0.6704684166666667 0.13 0.17083399999999985
1 0.15296875 0.43859408333333333 0.08750000000000001 0.16000000000000006
1 0.2109765625 0.5602600833333333 0.12750000000000003 0.160834
1 0.1923828125 0.8261979166666666 0.07250000000000001 0.12416700000000007
1 0.2142578125 0.4351565833333333 0.07375000000000001 0.11250000000000004
1 0.26449218750000003 0.8320309166666666 0.08499999999999999 0.12333400000000012
1 0.29500000000000004 0.9145309166666666 0.12562500000000001 0.12416700000000007
1 0.2993359375 0.4883854166666666 0.07625000000000004 0.10833299999999994
1 0.3091015625 0.61640625 0.09687500000000004 0.13416699999999993
1 0.367890625 0.7045309166666667 0.08374999999999999 0.12333399999999999
1 0.4276953125 0.4661979166666667 0.08937500000000004 0.12249999999999998
1 0.4250390625 0.8578649166666666 0.08124999999999999 0.12333300000000014
1 0.4577734375 0.7176565833333334 0.09312500000000001 0.11416599999999999
1 0.599609375 0.7491149166666666 0.13687499999999997 0.185833
1 0.6549609375 0.5803128333333333 0.13875000000000004 0.18249999999999997
1 0.7373046875 0.8124996666666666 0.16249999999999998 0.2083340000000001
