0 0.0234375 0.6966141666666666 0.048828 0.06770899999999995
0 0.09375 0.7604170833333334 0.189453 0.06770799999999995
0 0.043945 0.8632814999999999 0.033202999999999996 0.016926999999999914
0 0.12695275 0.6979165000000002 0.149414 0.04947899999999983
0 0.07128918749999999 0.8554683333333334 0.022461000000000002 0.01171900000000011
0 0.0888668125 0.8632814166666666 0.010743000000000003 0.013021000000000171
0 0.1064458125 0.7460933333333334 0.04199199999999999 0.04296900000000011
0 0.26660131249999997 0.7552086666666668 0.182617 0.054687000000000076
0 0.2763673125 0.6927084999999998 0.151367 0.046875
0 0.24316375 0.8502603333333334 0.02441399999999999 0.010416999999999899
0 0.2822265625 0.8463544166666667 0.03417999999999999 0.013021000000000024
0 0.4179685625 0.7135418333333332 0.12793000000000004 0.12109400000000003
0 0.4355469375 0.8385414166666667 0.014647999999999994 0.013021000000000024
0 0.454101375 0.8346353333333334 0.011719000000000035 0.010416999999999899
0 0.4707031875 0.8346355 0.02246100000000001 0.015625
0 0.8320315 0.8580727500000002 0.017577999999999983 0.02343799999999992
0 0.920898 0.7682290833333334 0.15625 0.16145799999999996
0 0.8486328125 0.8697915000000002 0.01074200000000003 0.015625
0 0.98632775 0.9778646666666666 0.024414000000000047 0.02343700000000008
