2 0.05859375 0.725375 0.118 0.221333
2 0.1051015625 0.5702815833333333 0.16 0.144
2 0.1835703125 0.675833 0.12 0.12533399999999992
2 0.2254296875 0.8664690833333334 0.13199999999999998 0.12799999999999997
2 0.2651015625 0.55955175 0.15999999999999998 0.149334
2 0.268921875 0.4584690833333333 0.09 0.12800000000000003
2 0.2740859375 0.7610413333333333 0.07800000000000001 0.13599999999999998
2 0.3378984375 0.4179065833333333 0.09200000000000003 0.17600000000000002
2 0.3340859375 0.9255729166666667 0.07800000000000001 0.09333299999999989
2 0.3617109375 0.7240833333333333 0.10799999999999998 0.106667
2 0.408875 0.9072190833333332 0.09400000000000003 0.06666599999999996
