2 0.5063541666666667 0.300234375 0.06833299999999998 0.044375
2 0.52348925 0.2775390625 0.07083399999999991 0.049375
2 0.5536458333333334 0.3336328125 0.05916699999999997 0.04250000000000004
2 0.5630725833333333 0.2380078125 0.050834000000000046 0.04250000000000001
2 0.57734375 0.281484375 0.05666699999999995 0.044375
2 0.59151075 0.26285156249999997 0.05666599999999996 0.03437500000000002
2 0.6233850833333334 0.359140625 0.06666699999999988 0.05125000000000002
2 0.63098925 0.3110546875 0.07083400000000006 0.03750000000000003
2 0.6390621666666666 0.235234375 0.038333999999999945 0.043125000000000024
2 0.6642705 0.26675781249999997 0.04833400000000002 0.04124999999999998
2 0.6784374999999999 0.22140625 0.04749999999999995 0.03937499999999999
2 0.6914065833333334 0.2915234375 0.04999999999999997 0.02937500000000004
2 0.69401075 0.3246875 0.05666599999999988 0.04749999999999999
2 0.7089065833333333 0.2440234375 0.05083300000000005 0.030625000000000013
2 0.7083333333333334 0.358984375 0.04249999999999998 0.043749999999999956
2 0.7296354166666666 0.2747265625 0.04499999999999993 0.03437499999999999
2 0.73619825 0.2234765625 0.040832999999999973 0.03437499999999999
2 0.75484375 0.3112109375 0.055000000000000014 0.044999999999999984
2 0.7678128333333333 0.3425390625 0.059165999999999976 0.049375
2 0.7759375 0.291484375 0.048333000000000105 0.04312499999999997
2 0.7939583333333333 0.3858203125 0.07500000000000002 0.05812500000000004
2 0.7877086666666666 0.2685546875 0.05250000000000007 0.03749999999999998
2 0.7903128333333332 0.24125 0.05916600000000013 0.0325
2 0.8086458333333333 0.3112109375 0.05750000000000011 0.044999999999999984
2 0.83484375 0.3398046875 0.05500000000000016 0.03812500000000002
2 0.8639065833333334 0.2448828125 0.04999999999999997 0.04249999999999998
2 0.8651045 0.2941796875 0.04750000000000002 0.03749999999999998
2 0.8704684166666666 0.2678125 0.04583400000000015 0.04812499999999997
2 0.8871871666666666 0.3712890625 0.06999999999999999 0.04999999999999999
2 0.8911458333333334 0.318984375 0.059166999999999824 0.044375
2 0.937083 0.2754296875 0.06333399999999993 0.03875000000000001
2 0.9493746666666666 0.3030078125 0.05250000000000007 0.04250000000000004
2 0.9493746666666666 0.338515625 0.05250000000000007 0.05125000000000002
