2 0.470486 0.7272393038348083 0.06336800000000004 0.07077300000000004
2 0.5104165 0.30785012389380534 0.11024300000000004 0.11533399999999999
2 0.5133461875 0.4261373864306785 0.11545200000000005 0.14547899999999994
2 0.5079205625000001 0.6404172713864307 0.097223 0.11140299999999997
2 0.5274518125000001 0.5345905339233038 0.07378500000000004 0.14023599999999994
2 0.546658375 0.8625689764011798 0.105902 0.12188700000000009
2 0.5849614375 0.5873433864306785 0.12326300000000001 0.14547799999999997
2 0.6010201875 0.71053797640118 0.08593700000000004 0.12188700000000001
2 0.6116538125 0.45382531268436577 0.10416600000000009 0.14941000000000002
2 0.6008030625 0.323421017699115 0.08159699999999992 0.15989499999999995
2 0.657768875 0.5460532713864307 0.12152799999999997 0.11009200000000002
2 0.6563580625 0.8155631327433629 0.08159800000000006 0.19528099999999987
2 0.691622875 0.6541775663716813 0.12152800000000008 0.0996060000000001
2 0.6717669375 0.31309994395280233 0.07725699999999991 0.16382700000000003
2 0.6969399375 0.45742405014749266 0.07638899999999993 0.12057700000000003
2 0.751084625 0.5424535339233039 0.14583400000000002 0.14154699999999998
2 0.7416451875 0.8512623451327435 0.11718700000000004 0.10747099999999993
2 0.7386069375 0.7482205339233038 0.10850700000000002 0.13892500000000008
2 0.753255375 0.41220975516224184 0.10590300000000008 0.13237200000000002
2 0.7657335625 0.29441527138643064 0.12760399999999994 0.11140199999999999
