1 0.0131640625 0.8529309130434782 0.01875 0.026726000000000034
1 0.014140625 0.8161068260869565 0.02 0.04899800000000003
1 0.0190234375 0.780960695652174 0.030625000000000003 0.0478839999999999
1 0.038046875 0.8303704782608696 0.027499999999999997 0.06792899999999998
1 0.0353125 0.7561110869565217 0.016249999999999997 0.05679300000000012
1 0.0701171875 0.9060323043478261 0.023125000000000007 0.03786200000000008
1 0.067734375 0.9404160434782609 0.012499999999999997 0.027840000000000066
1 0.0717578125 0.7590393043478261 0.010624999999999996 0.036748000000000045
1 0.0795703125 0.730849695652174 0.026874999999999996 0.047883999999999996
1 0.0994921875 0.822163695652174 0.023125000000000007 0.04788400000000009
1 0.1142578125 0.9171683043478263 0.009999999999999995 0.036748999999999796
1 0.1301171875 0.8352511739130434 0.023124999999999993 0.03452100000000003
1 0.13859375 0.9404160434782609 0.024375000000000008 0.027840000000000066
1 0.140546875 0.8104015652173914 0.028750000000000026 0.043429999999999955
1 0.1491015625 0.8794445652173912 0.03437499999999999 0.04342900000000001
1 0.1564453125 0.8350378260869565 0.02687500000000001 0.05011199999999996
1 0.1776171875 0.9191829565217392 0.05437500000000001 0.054564999999999954
1 0.1727734375 0.9771650434782609 0.030625000000000013 0.02783900000000002
1 0.1978515625 0.8548073043478261 0.03437500000000002 0.03674899999999989
1 0.198828125 0.8179220434782608 0.03562500000000002 0.028953000000000055
1 0.21203125 0.9784163043478261 0.04000000000000001 0.03674799999999995
1 0.2126953125 0.896560347826087 0.026874999999999982 0.06347400000000009
1 0.2376171875 0.8298204347826087 0.023125000000000007 0.04120300000000003
1 0.259375 0.9086720869565217 0.03312499999999999 0.05567999999999994
1 0.265625 0.846661695652174 0.03249999999999997 0.04788499999999994
1 0.2696484375 0.9548169565217393 0.02999999999999997 0.05345299999999992
1 0.29625 0.9688060869565217 0.03125 0.05790600000000011
1 0.292265625 0.8834106956521739 0.021250000000000047 0.04565700000000007
1 0.3126953125 0.8523679565217391 0.026875000000000038 0.054564999999999954
1 0.3240234375 0.9034546956521738 0.029374999999999984 0.04565700000000007
1 0.325546875 0.9582952173913044 0.02812500000000001 0.06236099999999999
1 0.3514453125 0.8727625652173914 0.026874999999999982 0.04342999999999986
1 0.3813671875 0.8442223478260871 0.023125000000000007 0.065701
1 0.3945703125 0.9086720869565217 0.026874999999999982 0.05567999999999994
1 0.423125 0.9322704347826086 0.03125 0.04120300000000023
1 0.429453125 0.8669812173913044 0.03562500000000002 0.0623610000000001
1 0.43640625 0.9722221739130434 0.04062500000000002 0.03452100000000013
1 0.44625 0.8407440869565218 0.03125 0.05901999999999994
1 0.467578125 0.9414539565217392 0.03562499999999996 0.05233899999999978
1 0.4753515625 0.8320484347826087 0.03375 0.04120199999999989
1 0.4816796875 0.8767286956521738 0.038124999999999964 0.04565700000000017
1 0.4945703125 0.9749380434782609 0.025624999999999953 0.03006600000000004
1 0.4968359375 0.798991043478261 0.015000000000000013 0.02783999999999997
1 0.5100781249999999 0.8431834347826087 0.03562499999999996 0.041202999999999934
1 0.5123046875 0.9508508260869566 0.038124999999999964 0.05122500000000005
1 0.519375 0.8997640869565219 0.03187499999999999 0.05679200000000007
1 0.5411328125 0.9789041739130435 0.041874999999999996 0.03452099999999993
1 0.540703125 0.9312946956521739 0.03562500000000002 0.0478839999999999
1 0.548203125 0.8251530869565218 0.036250000000000004 0.05679299999999992
1 0.55 0.8652420869565217 0.03249999999999997 0.055680000000000035
1 0.560078125 0.9690194347826085 0.03562500000000002 0.04120200000000018
1 0.584453125 0.9278164347826088 0.03687499999999999 0.03897499999999997
1 0.5820703125 0.8782554782608696 0.026874999999999982 0.06792799999999992
1 0.5859765625 0.8147183043478261 0.034375000000000044 0.03563499999999996
1 0.6044921875 0.9623374347826087 0.053749999999999964 0.03897600000000001
1 0.6101953125 0.8607880869565218 0.026874999999999982 0.055678999999999985
1 0.6121484375 0.917718347826087 0.02937499999999993 0.06347499999999982
1 0.6144921875 0.822163695652174 0.02312499999999995 0.045656999999999975
1 0.6395703125 0.9478604347826087 0.026875000000000093 0.038975999999999816
1 0.648203125 0.8585610869565217 0.036250000000000004 0.057906000000000006
1 0.6810546875 0.8431834347826087 0.03875000000000006 0.041202999999999934
1 0.7066796875 0.7822119565217391 0.03875000000000006 0.054564999999999954
1 0.7258984375 0.7970385652173912 0.030624999999999902 0.043429999999999955
1 0.7621484375 0.756036 0.06062499999999993 0.08240499999999992
1 0.765078125 0.8184099130434782 0.03687499999999999 0.024499000000000014
1 0.8066796875 0.8161068260869565 0.03875000000000006 0.04899800000000003
1 0.8310546875 0.777756956521739 0.03749999999999998 0.05233899999999998
