1 0.309609375 0.45510347877013174 0.075625 0.08067600000000004
1 0.3431640625 0.6588959941434847 0.050000000000000044 0.09193299999999989
1 0.3378515625 0.5236977364568083 0.034375000000000044 0.08630399999999998
1 0.3728125 0.5707159941434846 0.048750000000000016 0.09193299999999989
1 0.3912109375 0.7134893499267936 0.044999999999999984 0.076923
1 0.4394140625 0.6936059941434846 0.050000000000000044 0.091932
1 0.4689453125 0.7552914787701317 0.057499999999999996 0.08067500000000007
1 0.5255859375 0.7684244787701319 0.0462499999999999 0.0806749999999999
1 0.5658203125 0.7097373499267936 0.05812499999999998 0.07879900000000004
1 0.5933203125 0.7623836076134701 0.05750000000000011 0.08255199999999992
1 0.6566796875 0.7600957364568083 0.06937499999999996 0.0863039999999999
1 0.6736328125 0.7068090922401171 0.04250000000000009 0.07223199999999998
1 0.6844140625 0.2653819633967789 0.04999999999999993 0.06941900000000002
1 0.7294921875 0.6933774787701318 0.053749999999999964 0.08067600000000004
1 0.743984375 0.6256952825768668 0.04437499999999994 0.12101300000000009
1 0.7647265625 0.5462117364568082 0.03437499999999993 0.08630400000000006
