2 0.8203125 0.8650393333333333 0.07937499999999997 0.128998
2 0.251953125 0.8758639999999999 0.443125 0.24307000000000006
2 0.420390625 0.6175050000000001 0.395 0.38272999999999996
2 0.346953125 0.4921603333333333 0.06687500000000002 0.08848600000000005
2 0.6214453125 0.3620926666666667 0.338125 0.32409399999999994
2 0.655546875 0.9419939999999999 0.34125000000000005 0.11194000000000016
2 0.7522265625 0.14891933333333335 0.31500000000000006 0.24733500000000003
2 0.7978125 0.7570286666666668 0.391875 0.3752670000000001
2 0.85453125 0.04833333333333333 0.28937500000000005 0.098081
2 0.8646875 0.43985833333333335 0.26749999999999996 0.34754799999999997
2 0.9280859375 0.20908666666666667 0.13937500000000003 0.24626900000000002
