2 0.080078125 0.22229166666666667 0.160625 0.36500000000000005
2 0.1103515625 0.86973925 0.2225 0.25833400000000006
2 0.1451171875 0.07552083333333333 0.209375 0.153333
2 0.11578125 0.47223991666666665 0.134375 0.21666600000000003
2 0.162265625 0.4643746666666666 0.145625 0.17916700000000008
2 0.32765625 0.19406216666666665 0.25875000000000004 0.28750000000000003
2 0.400390625 0.06901041666666667 0.27 0.138333
2 0.4369921875 0.2551038333333333 0.14687499999999998 0.215834
2 0.6969921875 0.79598925 0.24124999999999996 0.32083400000000006
2 0.7383984375 0.320417 0.28 0.315
2 0.768828125 0.1417705 0.130625 0.17333400000000002
2 0.8821875 0.93942675 0.234375 0.11833400000000009
2 0.8520703125 0.16994791666666667 0.08875 0.06000000000000002
2 0.9086328125 0.31437533333333334 0.07374999999999998 0.13749999999999998
2 0.9605078125 0.18166633333333335 0.0731250000000001 0.16749999999999998
2 0.9804296875 0.52609375 0.03749999999999998 0.24333300000000002
