2 0.0166015625 0.8562499999999998 0.035156 0.09375
2 0.0185546875 0.8588538333333333 0.038281 0.0885419999999999
2 0.1001948125 0.07864583333333333 0.07343800000000002 0.11979200000000001
2 0.10000025 0.07057291666666667 0.071093 0.12499999999999999
2 0.304296625 0.8445315833333332 0.146094 0.14375000000000013
2 0.532421625 0.44843783333333337 0.332032 0.465625
2 0.533984625 0.45286425 0.33359400000000006 0.47708400000000006
2 0.7974609375 0.84505175 0.13906299999999994 0.14895900000000006
2 0.8890625 0.07786458333333333 0.07890600000000003 0.11249999999999999
2 0.891796625 0.07552083333333333 0.082032 0.11979200000000001
