2 0.0744921875 0.75244825 0.1475 0.22916600000000006
2 0.19187500000000002 0.8357294999999999 0.1875 0.20500000000000007
2 0.18503906250000002 0.6289065833333334 0.143125 0.176666
2 0.28640625 0.6678649166666667 0.19625 0.24916599999999992
2 0.4804296875 0.72911425 0.22500000000000003 0.35166699999999995
2 0.53578125 0.14635383333333332 0.16500000000000004 0.153334
2 0.6559375 0.6995309166666667 0.17312500000000008 0.24833399999999992
2 0.7728515625 0.42296875000000006 0.19000000000000006 0.21166700000000002
2 0.80015625 0.7469274166666667 0.13437500000000002 0.20083299999999996
2 0.8496484375 0.6080725833333332 0.12375000000000003 0.17583400000000005
2 0.9244921875 0.23895833333333336 0.14812500000000006 0.19833299999999998
