2 0.5152734375 0.5457815833333334 0.9675 0.52
2 0.5333203125 0.70463575 0.931875 0.5875
2 0.4487890625 0.96348925 0.11249999999999999 0.07083400000000006
2 0.604609375 0.0625 0.41874999999999996 0.1275
2 0.655078125 0.13729133333333332 0.44312499999999994 0.19999999999999998
2 0.7050390625 0.215 0.456875 0.25
2 0.54875 0.9293753333333333 0.09562500000000007 0.13750000000000004
2 0.5541015625 0.3907295 0.06500000000000006 0.079166
2 0.780703125 0.30177116666666665 0.411875 0.256666
2 0.634296875 0.8901041666666666 0.09062500000000007 0.1316670000000002
2 0.714453125 0.8373434166666667 0.09812500000000002 0.13999999999999999
2 0.7825 0.7996350833333333 0.06437500000000007 0.12916699999999995
2 0.84796875 0.7492711666666666 0.08687499999999992 0.13250000000000015
2 0.9168359375 0.7026041666666666 0.07624999999999993 0.13250000000000006
2 0.976484375 0.6548958333333333 0.04437500000000005 0.12166700000000004
