1 0.015625 0.24526041666666665 0.0325 0.07750000000000001
1 0.0266796875 0.8225003333333333 0.03875 0.04249999999999998
1 0.040625 0.2662503333333333 0.064375 0.106666
1 0.039179687500000004 0.65984375 0.03874999999999999 0.055000000000000014
1 0.04671875 0.8586982500000001 0.024374999999999994 0.040000000000000036
1 0.0587109375 0.9475520833333334 0.046250000000000006 0.06750000000000005
1 0.06640625 0.5950003333333332 0.039999999999999994 0.043333000000000066
1 0.091171875 0.96203125 0.028749999999999998 0.040000000000000036
1 0.12839843750000002 0.09171841666666665 0.091875 0.108334
1 0.10890625 0.5114065833333333 0.039999999999999994 0.05166599999999991
1 0.10875 0.6702600833333334 0.03125 0.03583399999999992
1 0.1176953125 0.6132291666666666 0.026874999999999996 0.03750000000000001
1 0.1341015625 0.78125 0.03375 0.06333299999999993
1 0.1380078125 0.3813024166666667 0.04125000000000001 0.04583300000000001
1 0.1426171875 0.5474475833333333 0.023125000000000007 0.020000000000000018
1 0.1497265625 0.5068746666666667 0.035 0.053333999999999916
1 0.28425781250000004 0.052083333333333336 0.10500000000000001 0.105833
1 0.277421875 0.5227086666666667 0.02812500000000001 0.053333
1 0.2979296875 0.6829170000000001 0.03875000000000001 0.06333300000000001
1 0.337109375 0.12036491666666667 0.106875 0.124166
1 0.3107421875 0.50984375 0.021875000000000033 0.055832999999999945
1 0.3455859375 0.5124996666666667 0.04625000000000001 0.08416700000000003
1 0.346953125 0.58067675 0.036250000000000004 0.05666700000000002
1 0.3687109375 0.6334375 0.044999999999999984 0.04833299999999996
1 0.397578125 0.3452604166666666 0.06687500000000002 0.07750000000000001
1 0.4044140625 0.7484899166666666 0.019374999999999976 0.030833000000000037
1 0.445625 0.58067675 0.03250000000000003 0.05666700000000002
1 0.4439453125 0.7785940833333332 0.026249999999999996 0.034999999999999996
1 0.47328125 0.8960934166666666 0.040000000000000036 0.07749999999999997
1 0.4870703125 0.9692705 0.026874999999999982 0.04833399999999995
1 0.522421875 0.6132291666666666 0.02749999999999997 0.03750000000000001
1 0.5548046875 0.6625003333333334 0.03874999999999995 0.04249999999999998
1 0.5605078125 0.61598925 0.04125000000000001 0.07250000000000008
1 0.6157421875 0.347083 0.053749999999999964 0.063334
1 0.6477734375 0.28578091666666666 0.030624999999999902 0.05999999999999998
1 0.683984375 0.28817675 0.04312499999999997 0.05499999999999997
1 0.6980859375 0.34557258333333335 0.04499999999999993 0.051666999999999984
1 0.7145703125 0.20859341666666667 0.05812499999999998 0.07749999999999997
1 0.7191015625 0.9418229166666666 0.03374999999999995 0.030833000000000037
1 0.73265625 0.36640658333333337 0.040000000000000036 0.05166599999999999
1 0.7446484375 0.3244270833333333 0.02937500000000004 0.03583300000000004
1 0.7485546875 0.59015625 0.03749999999999998 0.07249999999999994
1 0.7873046875 0.9698961666666667 0.03749999999999998 0.03749999999999994
1 0.790625 0.38833333333333336 0.03125 0.041666999999999975
1 0.8055859375 0.7528128333333334 0.04625000000000001 0.058333000000000045
1 0.81765625 0.30864583333333334 0.040000000000000036 0.05833299999999997
1 0.8337109375 0.36567675 0.04499999999999993 0.05666700000000002
1 0.9039453125 0.5758850833333332 0.05687500000000001 0.0658340000000001
1 0.9351953125 0.3138024166666667 0.05812499999999998 0.044999999999999964
1 0.935859375 0.2777604166666667 0.04312499999999997 0.07583299999999997
