0 0.86796875 0.6633613724340176 0.08750000000000002 0.10131399999999996
0 0.0078125 0.372254788856305 0.0175 0.06378999999999997
0 0.0244140625 0.2738108592375366 0.05 0.04127600000000003
0 0.0390625 0.4100783724340176 0.07875 0.10131299999999999
0 0.0986328125 0.5080024369501467 0.19875 0.16698
0 0.026640625 0.3017167565982405 0.0525 0.030019000000000007
0 0.15812500000000002 0.7495085718475073 0.28125 0.21013200000000007
0 0.083359375 0.27370071847507327 0.075 0.08442800000000003
0 0.1215625 0.9827677565982404 0.07875 0.030018999999999924
0 0.1788671875 0.9254430263929619 0.11624999999999999 0.12007500000000006
0 0.1640234375 0.38750089149560124 0.06125 0.07504700000000003
0 0.224296875 0.9497695454545455 0.12124999999999997 0.09380899999999989
0 0.2253125 0.3160332697947214 0.07875000000000001 0.09005600000000005
0 0.2340625 0.38152564809384165 0.08000000000000002 0.10319000000000002
0 0.295 0.38146316715542516 0.0625 0.07879900000000004
0 0.3192578125 0.9601436158357771 0.10499999999999998 0.07317099999999993
0 0.30625 0.48372257771260996 0.0625 0.12382699999999994
0 0.2850390625 0.18205248093841644 0.01874999999999999 0.02814200000000001
0 0.2965625 0.1985277565982405 0.017500000000000016 0.030018999999999987
0 0.362578125 0.504770302052786 0.09875 0.12195099999999995
0 0.3672265625 0.3564263401759531 0.06624999999999998 0.06754200000000002
0 0.384375 0.4211617507331378 0.09375 0.11632299999999997
0 0.3737890625 0.20187003225806452 0.01874999999999999 0.03377100000000003
0 0.3865625 0.22667075659824049 0.017500000000000016 0.03001799999999999
0 0.44796875 0.5076393724340176 0.08749999999999997 0.10131299999999999
0 0.540546875 0.7741991554252201 0.24624999999999997 0.24765499999999993
0 0.4593359375 0.4344683724340176 0.07750000000000001 0.10131399999999996
0 0.4480078125 0.3251771671554252 0.04249999999999998 0.07880000000000001
0 0.5398046875 0.8433007507331379 0.09999999999999998 0.11632299999999993
0 0.5540625 0.44057057771261 0.07874999999999999 0.12570299999999998
0 0.5704296875 0.9877499296187683 0.06999999999999995 0.020637999999999972
0 0.5680078125 0.486292064516129 0.04249999999999998 0.06566600000000003
0 0.6239453125 0.4578663020527859 0.08875 0.12195100000000003
0 0.632578125 0.9259162316715542 0.09875 0.1425889999999999
0 0.695546875 0.9367000263929619 0.12249999999999994 0.12007499999999989
0 0.6820703125 0.4890509941348974 0.057499999999999996 0.086304
0 0.699765625 0.4272004750733138 0.0837500000000001 0.11257100000000002
0 0.79203125 0.6613920527859237 0.22750000000000004 0.23639800000000008
0 0.901640625 0.8614794046920821 0.11375000000000002 0.13320799999999997
0 0.9590625 0.9574481671554252 0.07874999999999999 0.07879899999999995
0 0.972890625 0.881060853372434 0.05125000000000002 0.12757999999999994
