2 0.6069140625 0.5032295 0.08062499999999995 0.08
2 0.60828125 0.35385416666666664 0.07062500000000005 0.06916699999999998
2 0.62109375 0.42041633333333334 0.08750000000000002 0.10666699999999991
2 0.629453125 0.2871875 0.09812500000000002 0.11000000000000003
2 0.6876953125 0.3274996666666667 0.08937499999999998 0.08416699999999995
2 0.67796875 0.4390100833333333 0.05625000000000002 0.09666699999999999
2 0.6789453125 0.3864065833333334 0.05812499999999998 0.04999999999999997
2 0.7095703125 0.51463575 0.08812500000000001 0.08833300000000006
2 0.7381640625 0.32244825 0.08125000000000004 0.10166599999999999
2 0.748203125 0.46135449999999995 0.09812500000000002 0.11000000000000003
2 0.738125 0.3958333333333333 0.0625 0.041667000000000044
2 0.740546875 0.36135416666666664 0.059374999999999956 0.07000000000000002
