1 0.0515234375 0.774140625 0.030625000000000006 0.053749999999999964
1 0.0803515625 0.889453125 0.034375 0.06875000000000009
1 0.12921875 0.82625 0.024375000000000008 0.06374999999999997
1 0.13703125 0.18421875 0.04000000000000001 0.08750000000000002
1 0.1620703125 0.66859375 0.026874999999999982 0.05625000000000002
1 0.1682421875 0.881328125 0.023125000000000007 0.03874999999999995
1 0.1970703125 0.542421875 0.02562499999999998 0.09000000000000002
1 0.25234375 0.089453125 0.024375000000000008 0.07
1 0.304296875 0.22234375 0.028124999999999956 0.05624999999999997
1 0.3239453125 0.035234375 0.025624999999999953 0.045
1 0.3581640625 0.036640624999999996 0.01937500000000003 0.053750000000000006
1 0.41359375 0.23625 0.024375000000000036 0.06250000000000003
1 0.674765625 0.27140624999999996 0.05249999999999999 0.07375000000000001
1 0.7255859375 0.259140625 0.04500000000000004 0.11624999999999996
1 0.728515625 0.142421875 0.05249999999999999 0.0925
1 0.7580078125 0.38703125 0.04249999999999998 0.10499999999999998
1 0.7728125 0.311796875 0.04874999999999996 0.058750000000000024
1 0.773203125 0.188125 0.03562500000000002 0.095
1 0.798671875 0.23953125 0.059374999999999956 0.10250000000000001
1 0.8117578125 0.32125 0.04125000000000001 0.06625000000000003
