2 0.5444221503957783 0.3272265625 0.15540599999999993 0.1275
2 0.08617788918205804 0.079296875 0.15287099999999998 0.12125000000000001
2 0.4720371187335092 0.2216796875 0.9113169999999999 0.444375
2 0.0837127018469657 0.01171875 0.048142 0.02375
2 0.1818821055408971 0.0419921875 0.14273599999999997 0.085625
2 0.17698162005277043 0.2259765625 0.087838 0.0975
2 0.20447706068601582 0.124765625 0.133445 0.115
2 0.2500850606860158 0.1876171875 0.13428999999999996 0.085625
2 0.24734101583113455 0.275390625 0.12246700000000002 0.08250000000000002
2 0.3462635382585752 0.0828515625 0.126689 0.16
2 0.3485391424802111 0.2289453125 0.09459400000000003 0.05812499999999998
2 0.3805779709762533 0.149296875 0.11317600000000004 0.09062500000000001
2 0.433577926121372 0.41515625 0.10135099999999997 0.07187500000000002
2 0.4379122691292876 0.05078125 0.064189 0.1025
2 0.481726746701847 0.0205078125 0.059966 0.04125
2 0.6228162770448548 0.399375 0.12500000000000008 0.09375
2 0.7508807097625331 0.3638671875 0.11064099999999993 0.11624999999999996
2 0.857033493403694 0.3304296875 0.11739899999999995 0.10062499999999996
2 0.8785744036939314 0.209921875 0.09712799999999998 0.12125
