2 0.22921908333333332 0.4953125 0.19166599999999998 0.14125000000000004
2 0.27942675 0.6003515625 0.11833400000000001 0.06500000000000006
2 0.30963541666666666 0.689765625 0.17083299999999993 0.114375
2 0.43046908333333334 0.24265625 0.25416599999999995 0.165
2 0.41619825000000005 0.588046875 0.1666659999999999 0.12250000000000005
2 0.4565621666666666 0.7665234375 0.163334 0.12437500000000001
2 0.44916666666666666 0.4327734375 0.08416700000000003 0.09249999999999997
2 0.49499999999999994 0.67328125 0.125 0.07187499999999991
2 0.5591663333333333 0.3389453125 0.16833400000000007 0.12
2 0.5460937499999999 0.6406640625 0.11833299999999995 0.08187500000000003
2 0.5894274166666666 0.4638671875 0.20083299999999996 0.17937499999999995
2 0.5946350833333334 0.7293359375 0.12916699999999995 0.10812499999999992
2 0.6028125 0.6139453125 0.14166700000000007 0.12
2 0.6407291666666667 0.05078125 0.16333299999999987 0.1025
2 0.6184895833333334 0.1546875 0.11333300000000006 0.11124999999999999
2 0.6618229166666666 0.26175781249999996 0.15499999999999994 0.13625
2 0.6750000000000002 0.81109375 0.12500000000000008 0.11812500000000004
2 0.7092711666666668 0.4206640625 0.13249999999999998 0.11249999999999999
2 0.7366149166666668 0.6667578125 0.18666599999999992 0.16749999999999998
2 0.7156774166666667 0.080625 0.1391659999999999 0.125
2 0.7260413333333333 0.5340625 0.1366670000000001 0.11124999999999996
2 0.7748434166666667 0.1734375 0.13916700000000004 0.11125000000000002
2 0.7734371666666666 0.2778125 0.13166700000000006 0.11124999999999999
2 0.7763020833333334 0.762734375 0.1299999999999999 0.13687500000000008
2 0.9177600833333334 0.191015625 0.16083400000000006 0.14562500000000003
2 0.9790621666666667 0.754140625 0.038334000000000014 0.08374999999999999
