0 0.41711679028133 0.768315625 0.20678999999999995 0.1768860000000001
0 0.0812655780051151 0.112618 0.095679 0.0625
0 0.29354179283887466 0.2492625 0.5216050000000001 0.23585
0 0.056218585677749365 0.1499115 0.04012300000000001 0.079009
0 0.4436866163682865 0.406802375 0.8148150000000001 0.38797200000000004
0 0.09938521994884912 0.154001875 0.055555 0.028301999999999994
0 0.1545892608695652 0.14368387500000002 0.08950599999999997 0.058962
0 0.17107917135549872 0.1250183125 0.07716100000000001 0.057783
0 0.6372865012787725 0.6257924375 0.657407 0.686321
0 0.6580352864450127 0.8548970625 0.23302399999999998 0.20518900000000007
