2 0.3122265625 0.7579166666666667 0.34624999999999995 0.3983329999999999
2 0.22828125 0.4613020833333334 0.13375000000000004 0.254167
2 0.3396484375 0.12838541666666667 0.15499999999999997 0.10833300000000001
2 0.505625 0.8630208333333332 0.18874999999999997 0.15333300000000008
2 0.5903125 0.68786425 0.235 0.2908340000000001
2 0.6321875 0.21223991666666664 0.171875 0.21833300000000003
2 0.6617578125 0.7424479166666668 0.166875 0.185833
2 0.6791796875 0.27354133333333336 0.19374999999999998 0.26166700000000004
2 0.8106640625 0.5867708333333334 0.23750000000000004 0.33916699999999994
2 0.816640625 0.2980725833333333 0.208125 0.3016670000000001
