1 0.19453125 0.284375 0.10312500000000002 0.09375
1 0.1873051875 0.3720703125 0.084374 0.089063
1 0.2513671875 0.4126958125 0.11718700000000001 0.07343700000000003
1 0.31953125 0.2708984375 0.10312500000000002 0.09218699999999999
1 0.3498046875 0.094921875 0.13125000000000003 0.090625
1 0.4080078125 0.3779301875 0.19843700000000003 0.209374
1 0.4287114375 0.189062 0.18749999999999994 0.18906299999999998
1 0.473046875 0.78359425 0.18437500000000007 0.196874
1 0.5962885625 0.308203125 0.06562500000000004 0.098437
1 0.6900390625 0.44609325 0.20624999999999993 0.19531299999999996
1 0.6462890625 0.214062 0.11250000000000004 0.126563
1 0.6919921875 0.930078125 0.17812499999999998 0.035938000000000025
1 0.6828125 0.3201171875 0.07968699999999995 0.08593699999999999
1 0.873047375 0.3908203125 0.13749900000000004 0.18281200000000003
1 0.9068354375 0.819140625 0.12343800000000005 0.239062
