1 0.19039062499999998 0.26885383333333335 0.14500000000000002 0.15333399999999997
1 0.249765625 0.7651038333333333 0.11499999999999999 0.09083400000000008
1 0.246875 0.156042 0.09375 0.09499999999999999
1 0.28605468749999996 0.3372399166666667 0.1625 0.09166599999999998
1 0.3283984375 0.74817675 0.06187500000000001 0.05666700000000002
1 0.3297265625 0.7968229166666667 0.03375 0.03083299999999989
1 0.3845703125 0.3437496666666666 0.12 0.148334
1 0.424140625 0.7664059166666667 0.14625 0.09249999999999996
1 0.5075390625 0.32515658333333336 0.17437499999999995 0.11416599999999999
1 0.5171484375 0.20229166666666665 0.12374999999999997 0.115833
1 0.5903515625 0.77994825 0.15875000000000006 0.10333299999999997
1 0.5936328125 0.25656283333333335 0.07374999999999998 0.12083300000000001
1 0.69609375 0.12296875 0.08625000000000005 0.08750000000000002
1 0.7090625 0.772083 0.07999999999999996 0.0625
1 0.717265625 0.20359341666666667 0.08250000000000002 0.07749999999999997
1 0.7709765625 0.33723924999999993 0.12875000000000003 0.13416700000000004
1 0.7777734375 0.17203158333333335 0.0931249999999999 0.08249999999999998
1 0.8130859375 0.7749479166666666 0.13937500000000003 0.06166700000000006
1 0.827265625 0.27651074999999997 0.11499999999999999 0.18083300000000002
1 0.9376953125 0.3444795 0.12062499999999998 0.14250000000000007
