2 0.099609375 0.26645833333333335 0.199375 0.19999999999999998
2 0.144140625 0.8759378333333334 0.20750000000000002 0.21499999999999986
2 0.22046875 0.23119824999999997 0.1175 0.16666599999999995
2 0.3146875 0.8298440833333333 0.14250000000000002 0.22166600000000006
2 0.3292578125 0.14723991666666666 0.13624999999999998 0.218333
2 0.4519921875 0.7677086666666666 0.14750000000000002 0.17750000000000007
2 0.451015625 0.19343716666666666 0.11375000000000007 0.13249999999999998
2 0.5687890625 0.16124966666666665 0.11249999999999993 0.148334
2 0.6028515625 0.75567675 0.15999999999999992 0.18083399999999994
2 0.6667578125 0.13937533333333332 0.10499999999999998 0.13749999999999998
2 0.6891015625 0.6660416666666666 0.12812500000000004 0.17750000000000007
2 0.778828125 0.0884375 0.09812500000000002 0.1725
2 0.808125 0.6948961666666666 0.12687500000000007 0.16333300000000003
2 0.846328125 0.15942708333333333 0.12937500000000002 0.16
2 0.8695703125 0.6136455 0.1193749999999999 0.14083400000000004
2 0.949453125 0.5549475833333334 0.09875 0.14416699999999993
2 0.9780078125 0.4454690833333333 0.041874999999999996 0.12916600000000003
