2 0.0396484375 0.6712311903367497 0.029375 0.05159499999999995
2 0.1685546875 0.531710644216691 0.007500000000000007 0.015009999999999976
2 0.1710546875 0.5481847730600292 0.0062500000000000056 0.01969900000000005
2 0.1817578125 0.5583895153733529 0.010624999999999996 0.014070999999999945
2 0.18765625 0.5475443865300146 0.008750000000000008 0.0112570000000001
2 0.3199609375 0.5872861595900439 0.01375000000000004 0.02907999999999995
2 0.5084375 0.843383159590044 0.015625 0.02720499999999997
2 0.5165234375 0.89840660761347 0.030625000000000013 0.082552
2 0.524609375 0.8456720307467058 0.012499999999999956 0.023451999999999928
2 0.54953125 0.914310448023426 0.039999999999999925 0.05722299999999998
2 0.5403125 0.8795572884333821 0.016874999999999973 0.030956000000000067
2 0.5525 0.7846259326500732 0.03187499999999999 0.04409000000000001
2 0.5645703125 0.8273660614934114 0.02562500000000001 0.04784200000000008
2 0.5671875 0.8597430307467057 0.016875000000000084 0.024389999999999988
2 0.5941015625 0.8624168345534408 0.03500000000000003 0.06566599999999999
