2 0.0380859375 0.18229166666666666 0.076875 0.241667
2 0.0419921875 0.6018225833333334 0.084375 0.3633339999999999
2 0.22941406250000002 0.5133850833333333 0.424375 0.44083399999999995
2 0.16375 0.2592705 0.21999999999999997 0.173334
2 0.1526171875 0.11317675 0.178125 0.18083399999999997
2 0.4237890625 0.24624966666666667 0.299375 0.273334
2 0.5441015625000001 0.81442675 0.409375 0.3683340000000001
2 0.5200390625 0.09937466666666667 0.20562500000000006 0.1775
2 0.551171875 0.5181770833333333 0.24624999999999997 0.22166700000000006
2 0.7384765625 0.2990621666666667 0.28437499999999993 0.2875
