0 0.28906299999999996 0.63984375 0.15625000000000003 0.11718799999999996
0 0.28671875 0.7541020625 0.15 0.17500000000000004
0 0.39609375 0.8123041875 0.17968799999999996 0.178126
0 0.3888676875 0.2486328125 0.16406199999999999 0.167187
0 0.4966796875 0.1171875 0.16249999999999998 0.173438
0 0.5115234375 0.7099609375 0.15624999999999994 0.13906300000000005
0 0.542578625 0.2623046875 0.176562 0.13125
0 0.521875 0.192188 0.12656299999999998 0.03281200000000001
0 0.5255859375 0.6099604375 0.10781199999999996 0.12343800000000005
0 0.6169921875 0.8423828125 0.17968700000000004 0.19843699999999997
0 0.785937 0.734375 0.15781299999999998 0.15781199999999995
