2 0.18917843750000002 0.4787135625 0.18627499999999997 0.18954199999999993
2 0.1966718125 0.63871025 0.19771300000000003 0.25817
2 0.289866375 0.387906375 0.16830099999999998 0.16829999999999995
2 0.3541730625 0.76851025 0.20588199999999995 0.2271240000000001
2 0.373162 0.4653224375 0.18790800000000002 0.18627499999999997
2 0.3888829375 0.59510325 0.171568 0.16503299999999999
2 0.38467675 0.28556525 0.15032600000000002 0.19607800000000003
2 0.4418849375 0.1627153125 0.14052299999999995 0.18300700000000003
2 0.4885175625 0.3617815625 0.191176 0.16013
2 0.5123893125000001 0.831635375 0.18300599999999995 0.19934700000000005
2 0.5440533750000001 0.680031875 0.20098100000000002 0.18464100000000006
2 0.5134799999999999 0.25433343750000004 0.125817 0.12418300000000002
2 0.5365983750000001 0.5094596250000001 0.16830099999999998 0.17646999999999996
2 0.6098668125 0.188278625 0.135621 0.145425
2 0.6242536875 0.3079363125 0.13235200000000003 0.119281
2 0.66046225 0.417279 0.16503299999999999 0.18790899999999994
2 0.7097438125 0.601243375 0.19771300000000003 0.19934600000000002
2 0.7483599375 0.2313433125 0.17156800000000005 0.183006
2 0.786955875 0.3398629375 0.15359500000000004 0.17156899999999997
2 0.81206575 0.4993556875 0.17973899999999998 0.163398
