2 0.1474609375 0.6588094612005856 0.295 0.35365899999999995
2 0.0985546875 0.21961932650073207 0.19437500000000002 0.439962
2 0.284921875 0.8694052093704246 0.43437499999999996 0.257036
2 0.2230859375 0.4111295226939971 0.23312500000000003 0.3996239999999999
2 0.284453125 0.14494875549048317 0.191875 0.290807
2 0.3736328125 0.5898215534407028 0.229375 0.423077
2 0.43265625 0.32908543045387995 0.195625 0.329268
2 0.499921875 0.1478770131771596 0.24625000000000002 0.298311
2 0.55328125 0.521823522693997 0.226875 0.39868600000000004
2 0.48921875 0.8041780190336748 0.05499999999999999 0.20637899999999992
2 0.612265625 0.7975322035139092 0.20750000000000002 0.3461539999999999
2 0.69953125 0.49235659004392385 0.2587499999999999 0.35553500000000005
2 0.6978515625 0.1826301727672035 0.25375000000000003 0.32270199999999993
2 0.7387890625 0.9059729882869693 0.26937500000000003 0.18386499999999997
2 0.8293359375 0.7105888169838945 0.29500000000000004 0.336773
2 0.8740234375 0.22001397657393848 0.249375 0.365853
2 0.8788671875 0.4852634612005856 0.24062499999999998 0.353659
