2 0.1575390625 0.11199174672489084 0.081875 0.10707700000000002
2 0.1508203125 0.5339380611353712 0.02687500000000001 0.043761999999999954
2 0.1619140625 0.571300269286754 0.018125000000000002 0.05120999999999998
2 0.1957421875 0.3699067467248908 0.05437500000000001 0.10521400000000003
2 0.3181640625 0.7070048529839884 0.019374999999999976 0.04003699999999994
2 0.33921875 0.45694624890829694 0.02437499999999998 0.03631200000000002
2 0.3844921875 0.2976227059679767 0.053749999999999964 0.07635000000000004
2 0.3853125 0.3939321018922853 0.048750000000000016 0.07448800000000001
2 0.3951953125 0.3663410611353712 0.026874999999999982 0.043760999999999994
2 0.449375 0.3640188937409025 0.03187499999999999 0.06890099999999993
2 0.4914453125 0.8030260611353711 0.02562500000000001 0.04562400000000006
2 0.50859375 0.2609560815138282 0.05499999999999999 0.05865900000000004
2 0.5066015625 0.3762938733624454 0.03500000000000003 0.053073000000000044
2 0.52875 0.4019584774381369 0.03312499999999996 0.05586599999999996
2 0.5569921875 0.3635998326055313 0.02312499999999995 0.024208999999999967
2 0.5633203125 0.4026530611353712 0.02562500000000001 0.04562399999999998
2 0.5855859375 0.25716664483260554 0.015000000000000013 0.03444999999999999
2 0.6008984375 0.355285269286754 0.030624999999999902 0.050279000000000004
2 0.635 0.3381188733624454 0.03125 0.053073000000000044
2 0.6609375 0.3416074570596797 0.01750000000000007 0.041899000000000054
2 0.682109375 0.3494628529839884 0.012499999999999956 0.038175
2 0.691015625 0.32379824890829695 0.020625000000000004 0.03631300000000001
2 0.7018359375 0.2532062285298399 0.014375000000000027 0.020483999999999957
2 0.707734375 0.3194314366812227 0.012499999999999956 0.02793299999999998
2 0.7096875 0.2853878326055313 0.01749999999999996 0.026071000000000035
2 0.715390625 0.2658348326055313 0.020000000000000018 0.025140000000000023
2 0.7351171875 0.2808500407569141 0.021874999999999978 0.03165800000000003
2 0.765390625 0.2639728326055313 0.020000000000000018 0.025139000000000022
2 0.7990625 0.19490085298398835 0.015625 0.040037000000000024
2 0.8036328125 0.2464000407569141 0.010624999999999996 0.03165699999999999
2 0.8162109375 0.22044724890829695 0.01375000000000004 0.03631200000000002
2 0.83109375 0.7310428733624454 0.024375000000000036 0.053072
2 0.84796875 0.5914306448326055 0.024374999999999925 0.03445100000000003
2 0.8612890625 0.6175016448326055 0.018124999999999947 0.03444999999999999
2 0.8930859375 0.3473644366812227 0.01375000000000004 0.02700200000000001
