2 0.260625 0.7405712390670555 0.219375 0.27518600000000004
2 0.261015625 0.27100388338192416 0.17687499999999998 0.25932800000000006
2 0.4924609375 0.4385985247813411 0.639375 0.847015
2 0.33089843750000003 0.5015339504373177 0.24937499999999999 0.31156700000000004
2 0.43890625 0.7152730174927113 0.195625 0.362873
2 0.4065234375 0.23456334985422742 0.12437500000000001 0.23320900000000003
2 0.4578125 0.549513609329446 0.20500000000000002 0.262127
2 0.48453125 0.3534416239067056 0.133125 0.229477
2 0.51421875 0.1743945422740525 0.14937499999999998 0.20802199999999998
2 0.6121484375 0.431922306122449 0.21687499999999993 0.32929100000000006
2 0.5738671875 0.32492828279883385 0.08499999999999996 0.17817200000000002
2 0.65140625 0.6937548688046647 0.19625000000000004 0.29104500000000005
2 0.7474609375 0.5548767055393586 0.10875000000000001 0.24906699999999998
2 0.74359375 0.7472667638483965 0.055624999999999925 0.12033599999999993
