2 0.4721875 0.317084289897511 0.23562499999999997 0.507505
2 0.4061328125 0.3727722767203514 0.073125 0.212007
2 0.5759375 0.5701657130307467 0.266875 0.450281
2 0.4927734375 0.680446055636896 0.09250000000000003 0.13883700000000007
2 0.5602734375 0.7694680190336749 0.18562499999999993 0.206379
2 0.665625 0.09793821522693998 0.25125 0.16604200000000002
2 0.682578125 0.26867971888726205 0.22312500000000002 0.358349
2 0.7770703125 0.7605872093704247 0.276875 0.257036
2 0.8053125 0.4501867496339678 0.23562499999999997 0.382739
2 0.8417578125 0.15373352855051245 0.19874999999999998 0.307692
2 0.9119140625 0.5463095592972181 0.17437500000000006 0.33114499999999997
2 0.8879296875 0.26970425183016106 0.09999999999999998 0.09943800000000001
2 0.9575390625 0.16120208638360176 0.08187500000000003 0.16322700000000004
