0 0.34921825 0.1375 0.5703130000000001 0.251562
0 0.2888676875 0.45546875 0.226562 0.24218800000000007
0 0.400391125 0.4373041875 0.192187 0.209376
0 0.44609325 0.8466791875 0.22812600000000005 0.303126
0 0.483984875 0.4197265625 0.15312500000000007 0.221875
0 0.686327625 0.6384760625 0.364063 0.11250000000000004
0 0.6087890625 0.36953075 0.17500000000000004 0.21093799999999996
0 0.6509760625 0.835546375 0.20625000000000004 0.3250010000000001
0 0.7126953125 0.3619140625 0.21406200000000009 0.20625
0 0.842578125 0.843358875 0.192187 0.3093760000000001
0 0.9560541875 0.8015625 0.084376 0.328125
