2 0.2755078125 0.6660934166666667 0.07250000000000001 0.07583399999999996
2 0.2978515625 0.5480729166666666 0.06562499999999999 0.09333300000000004
2 0.32890625 0.65661425 0.07124999999999998 0.1033340000000001
2 0.353046875 0.5748955 0.09000000000000002 0.07916699999999999
2 0.3383203125 0.46807291666666667 0.05812499999999998 0.09166700000000001
2 0.3751953125 0.6415625 0.05687500000000001 0.07916699999999999
2 0.380859375 0.56578125 0.044375 0.10333300000000005
2 0.56296875 0.409167 0.05625000000000002 0.12750000000000003
2 0.5809375 0.49739549999999993 0.07999999999999996 0.07916699999999999
2 0.61203125 0.43661425000000004 0.07187500000000002 0.10333399999999997
2 0.6432421875 0.51765625 0.05437500000000006 0.07250000000000001
2 0.65171875 0.35583366666666666 0.055625000000000036 0.084166
2 0.6637109375 0.40359341666666665 0.04625000000000001 0.07583399999999996
2 0.778203125 0.5901565833333332 0.09812500000000002 0.11416600000000014
