1 0.2343745625 0.4101559166666666 0.09570400000000001 0.15494800000000006
1 0.26757793750000003 0.5481766666666666 0.139649 0.17838599999999993
1 0.2802735 0.25390666666666667 0.07910099999999998 0.148437
1 0.30957025 0.4114583333333333 0.07128899999999999 0.19921900000000003
1 0.3310541875 0.23307266666666668 0.08398500000000003 0.17838600000000002
1 0.3720705 0.6640625833333332 0.14257799999999998 0.1770830000000001
1 0.41210975 0.53385375 0.149414 0.18098999999999998
1 0.419922125 0.15494741666666667 0.162109 0.23177099999999998
1 0.429687125 0.3515625 0.16113300000000003 0.17447899999999997
1 0.5185546249999999 0.6341143333333333 0.146484 0.19921900000000003
1 0.5419925 0.21223941666666665 0.14257799999999998 0.201823
1 0.5507816249999999 0.3958336666666667 0.145507 0.17838500000000004
1 0.633788875 0.5221355833333333 0.15332099999999993 0.17708300000000002
1 0.628906 0.253906 0.094727 0.18880199999999994
1 0.676757875 0.3984378333333334 0.12109400000000003 0.153645
