2 0.25640625 0.23888764705882354 0.10249999999999998 0.18912099999999998
2 0.2962109375 0.7287497189542483 0.07687500000000003 0.12050200000000001
2 0.560625 0.9794408431372549 0.03187499999999999 0.03932999999999999
2 0.5891796875 0.7886398758169936 0.03874999999999995 0.0828449999999999
2 0.6156640625 0.506577202614379 0.04999999999999993 0.10125500000000003
2 0.681875 0.08104575163398693 0.06437499999999996 0.164017
2 0.686171875 0.9670956013071895 0.028125000000000067 0.05021000000000004
2 0.723046875 0.8148989803921569 0.028750000000000053 0.05690299999999987
2 0.7590234375 0.6137995490196079 0.030625000000000013 0.06359799999999992
2 0.80359375 0.8279758431372549 0.024375000000000036 0.03933099999999999
2 0.821328125 0.3524978235294118 0.03687499999999999 0.09456099999999998
2 0.8433203125 0.6770854117647059 0.026875000000000093 0.04937299999999995
2 0.898046875 0.49104898039215683 0.028749999999999942 0.05690400000000002
2 0.897109375 0.7122870849673203 0.012500000000000067 0.02928899999999995
2 0.9101953125 0.0196078431372549 0.026874999999999982 0.040167
2 0.9428125 0.5677248431372549 0.01749999999999996 0.03933099999999999
2 0.9720703125 0.24627649673202615 0.02562500000000001 0.076151
2 0.992109375 0.3869718431372549 0.013125000000000053 0.04100400000000002
