2 0.05078125 0.0763888888888889 0.103125 0.155556
2 0.0830078125 0.777639 0.1675 0.44
2 0.2699609375 0.7937501111111112 0.265 0.4099999999999999
2 0.313046875 0.14583333333333334 0.215625 0.292222
2 0.4141796875 0.449514 0.25749999999999995 0.282222
2 0.3265625 0.084583 0.046875 0.065556
2 0.5293749999999999 0.7840275555555556 0.25125000000000003 0.4266669999999999
2 0.55359375 0.109375 0.21250000000000002 0.222222
2 0.778359375 0.7680556666666667 0.2618750000000001 0.45999999999999996
2 0.7890625 0.043402777777777776 0.23624999999999996 0.087778
2 0.9395703125 0.7717363333333334 0.11937500000000001 0.45111099999999993
2 0.926953125 0.012152777777777778 0.03562499999999991 0.025556
2 0.952265625 0.027777777777777776 0.05249999999999999 0.05777800000000001
2 0.9749609375 0.05854211111111111 0.04500000000000004 0.066666
2 0.9894140625 0.027777777777777776 0.018125000000000058 0.055556
