2 0.0517578125 0.5249605693430657 0.10375 0.271028
2 0.09375 0.08175182481751825 0.18875 0.164486
2 0.0871875 0.2752571751824818 0.17375 0.239253
2 0.1696484375 0.47372896350364957 0.28 0.302804
2 0.204921875 0.6146122116788321 0.15374999999999997 0.338318
2 0.2453125 0.24465492700729924 0.20375 0.201869
2 0.177890625 0.07445255474452554 0.05249999999999999 0.151402
2 0.2468359375 0.07737226277372262 0.14 0.15514
2 0.3461328125 0.8384063649635036 0.32249999999999995 0.19439299999999998
2 0.3209375 0.08759124087591241 0.235 0.17757
2 0.33796875 0.5934106496350364 0.15000000000000002 0.32897199999999993
2 0.3804296875 0.2949862116788321 0.19374999999999998 0.338318
2 0.4423046875 0.7277035474452554 0.28875 0.289719
2 0.4966015625 0.48168346715328464 0.22250000000000003 0.23177599999999995
2 0.4966015625 0.09927007299270073 0.16000000000000003 0.2
2 0.539765625 0.23716525547445255 0.14625 0.29532699999999995
2 0.5968359375 0.5569679854014599 0.13875000000000004 0.282243
2 0.62515625 0.7968078613138687 0.19625000000000004 0.2635509999999999
2 0.585234375 0.08041501459854014 0.04375000000000007 0.12149499999999999
2 0.6559375 0.09781021897810219 0.17375000000000007 0.19813100000000003
2 0.66828125 0.2755442773722628 0.16499999999999992 0.2766350000000001
2 0.6796875 0.5036496350364964 0.1725 0.20747700000000005
2 0.7259765625 0.1944740291970803 0.19125000000000003 0.24112200000000003
2 0.7472265625 0.6896242992700731 0.19000000000000006 0.25607500000000005
2 0.79875 0.06067230656934307 0.125 0.115888
2 0.8363671875 0.3730947372262774 0.17874999999999996 0.24672900000000003
2 0.8392578125 0.5444708613138686 0.16749999999999998 0.263552
2 0.9024609375 0.29336229927007296 0.17000000000000004 0.25607500000000005
2 0.90078125 0.08881867883211679 0.10250000000000004 0.16822499999999999
2 0.945234375 0.16469107299270075 0.10625000000000007 0.2
