2 0.13828125 0.30438064912280705 0.039063000000000014 0.09018
2 0.18281275 0.6110063057644111 0.11875 0.14028100000000004
2 0.218359375 0.7137161027568923 0.10624999999999998 0.153306
2 0.2736323125 0.4168542506265664 0.08906299999999998 0.08116200000000005
2 0.3787109375 0.4431766340852131 0.07656299999999999 0.16432899999999995
2 0.4447268125 0.46896331328320806 0.10468699999999997 0.10220399999999998
2 0.6275393125 0.5446282355889724 0.18203100000000005 0.15631199999999995
2 0.7751955625 0.29685932080200506 0.06484400000000001 0.06412799999999998
2 0.883984125 0.5130563759398495 0.09843800000000003 0.12124200000000003
2 0.923437 0.5330938446115288 0.12578200000000006 0.11222400000000009
