2 0.1898219375 0.6593531875 0.10833299999999998 0.14722199999999996
2 0.20118675 0.3118268125 0.117592 0.136112
2 0.2045358125 0.448495 0.10370300000000002 0.157408
2 0.2523794375 0.5993853125 0.09351899999999999 0.119444
2 0.3047231875 0.2731549375 0.147223 0.10926
2 0.3032915625 0.4092015 0.127778 0.141667
2 0.3625 0.610546875 0.12592600000000004 0.12129599999999996
2 0.384939125 0.3764395625 0.099074 0.127778
2 0.44603625 0.45066525 0.13333299999999992 0.13425999999999993
2 0.4854963125 0.654167 0.119444 0.12592599999999998
2 0.487919375 0.3627676875 0.10555600000000004 0.10092600000000002
2 0.5704285 0.7515406875 0.11111099999999996 0.131482
2 0.636067375 0.8586443125 0.10740800000000006 0.11944500000000002
