1 0.12644531250000002 0.6511634787701317 0.058124999999999996 0.08067600000000012
1 0.1491796875 0.5244523806734992 0.069375 0.10225100000000005
1 0.156015625 0.396346251830161 0.05250000000000002 0.09849900000000002
1 0.16765625 0.6008050922401171 0.03999999999999998 0.07129499999999998
1 0.18703125 0.6904492210834553 0.070625 0.07504700000000004
1 0.194140625 0.36294296339677895 0.05249999999999999 0.06848100000000001
1 0.198046875 0.46947309224011713 0.06 0.07317099999999993
1 0.221171875 0.5633953499267936 0.060000000000000026 0.07692299999999992
1 0.240546875 0.4393839941434846 0.06 0.090995
1 0.25210937499999997 0.6354439941434847 0.07562500000000003 0.09287099999999987
1 0.2524609375 0.7040210307467057 0.046249999999999986 0.023451999999999844
1 0.277578125 0.49484525183016104 0.06687500000000002 0.09756099999999991
1 0.285078125 0.36872938067349925 0.06687499999999996 0.10225199999999998
1 0.2940234375 0.5728205095168375 0.06125000000000003 0.10318899999999995
1 0.304296875 0.6804719941434846 0.059374999999999956 0.09193300000000006
1 0.3332421875 0.7040210307467057 0.05312499999999998 0.02532799999999996
1 0.3323046875 0.5405837364568082 0.03812500000000002 0.0863039999999999
1 0.3433203125 0.38948163836017563 0.057499999999999996 0.10788000000000009
1 0.3496875 0.4848248653001464 0.048750000000000016 0.09005600000000005
1 0.3686328125 0.66013260761347 0.073125 0.08442799999999995
1 0.3862109375 0.5725929941434846 0.07687499999999997 0.091932
1 0.4008203125 0.7046604172767204 0.057499999999999996 0.03471
1 0.4031640625 0.4770212518301611 0.050000000000000044 0.09850000000000003
1 0.41765625 0.38051250951683746 0.070625 0.10318999999999995
1 0.4323046875 0.6518480248901903 0.06937500000000002 0.11538399999999993
1 0.458046875 0.54474760761347 0.059374999999999956 0.08442800000000003
1 0.4524609375 0.31837099414348463 0.04625000000000001 0.09287100000000004
1 0.459453125 0.46027644802342604 0.03687499999999999 0.05816100000000004
1 0.5036328125 0.48336073645680816 0.073125 0.08630400000000006
1 0.4990234375 0.39803889604685205 0.06125000000000003 0.11350800000000003
1 0.508203125 0.604601251830161 0.06687500000000002 0.097561
1 0.5104296875000001 0.6877494787701317 0.06937500000000002 0.08067500000000007
1 0.52171875 0.5288707057101025 0.05499999999999994 0.06191299999999994
1 0.6197265625 0.6191552210834553 0.03437499999999993 0.075046
1 0.6265625 0.5295542518301611 0.04874999999999996 0.09756099999999991
1 0.630625 0.7136477672035139 0.03312499999999996 0.10975599999999999
1 0.6452734375 0.3431037672035139 0.06125000000000003 0.10881800000000005
1 0.64875 0.44963289604685214 0.0625 0.11350899999999996
1 0.678671875 0.5973948653001465 0.05999999999999994 0.0891179999999999
1 0.6816015625 0.7053190248901903 0.06499999999999995 0.11538400000000001
1 0.7025 0.5127825095168375 0.0625 0.10412799999999997
1 0.7182421875 0.4066210922401171 0.053749999999999964 0.0731710000000001
1 0.74578125 0.7104909941434846 0.07187500000000002 0.09287099999999995
1 0.7409375 0.46722838067349926 0.046875 0.10225200000000002
1 0.7544140625 0.36857196339677895 0.050000000000000044 0.06941799999999992
1 0.7883984375 0.5240395095168375 0.061249999999999916 0.1031899999999999
1 0.78640625 0.42332273645680824 0.040000000000000036 0.08630399999999998
1 0.788671875 0.7086149941434846 0.028124999999999956 0.09287100000000004
1 0.7992578125 0.5911965768667643 0.04249999999999998 0.06097500000000005
1 0.816953125 0.65450360761347 0.0368750000000001 0.08442799999999995
1 0.8301953125 0.33578312298682284 0.057499999999999996 0.093808
1 0.8280859375 0.4613718653001464 0.04625000000000001 0.09005699999999994
1 0.848125 0.7046344787701317 0.06312499999999999 0.08067599999999996
1 0.8524609375 0.5411799633967789 0.04500000000000004 0.06941800000000005
1 0.8718359375 0.6203908345534407 0.04562500000000003 0.06566599999999999
1 0.8875390625 0.3769007057101025 0.04999999999999993 0.0637899999999999
1 0.9023046875 0.45240373645680815 0.06937499999999996 0.08630400000000006
1 0.9166796875 0.5274507364568082 0.06937500000000008 0.08630399999999998
1 0.9080078125 0.7090969633967789 0.04250000000000009 0.06848
1 0.9225 0.602014767203514 0.06437499999999996 0.10975599999999991
1 0.9605859375 0.7366437364568083 0.07687500000000003 0.08630399999999998
1 0.9564453125 0.5234702210834554 0.026874999999999982 0.07504699999999996
1 0.9713671875 0.6683029326500732 0.05437500000000006 0.045967000000000015
1 0.9675 0.6103704480234261 0.03187499999999999 0.058160999999999956
