1 0.07794117647058824 0.8328924375 0.156648 0.15477600000000002
1 0.08676470588235294 0.742159 0.174863 0.09431699999999998
1 0.20536252941176472 0.675651625 0.21857899999999997 0.14510200000000006
1 0.2675100588235294 0.7760628125 0.18761400000000003 0.10399000000000003
1 0.4670895882352941 0.8298219375 0.2531879999999999 0.17049599999999998
1 0.48057382352941175 0.61194025 0.09471799999999997 0.07134200000000002
1 0.7576426470588237 0.887911125 0.1384329999999998 0.12938399999999994
1 0.779583294117647 0.6630985 0.07832399999999988 0.04715899999999995
1 0.797798294117647 0.7121624375 0.07832400000000013 0.09189800000000004
1 0.885230294117647 0.6571933125 0.07832399999999996 0.026602000000000015
