1 0.25765625000000003 0.9546916076134699 0.071875 0.08442800000000011
1 0.28816406250000004 0.8844930248901903 0.081875 0.11538499999999999
1 0.3224609375 0.7805935402635432 0.07687500000000003 0.126642
1 0.32953125 0.9471165095168375 0.070625 0.1031899999999999
1 0.3575390625 0.696349896046852 0.08187499999999998 0.11163200000000004
1 0.3578125 0.8808552825768667 0.07937500000000003 0.12007500000000011
1 0.3878515625 0.5982627672035138 0.06562499999999999 0.10975600000000008
1 0.3917578125 0.7870462825768668 0.073125 0.12288900000000005
1 0.398046875 0.9588564787701317 0.06 0.07973700000000002
1 0.41765625 0.5059178960468521 0.070625 0.111633
1 0.4306640625 0.6892567672035139 0.080625 0.10881800000000001
1 0.4324609375 0.8662571537335285 0.07687500000000003 0.11726099999999993
1 0.44625 0.40888302489019035 0.09500000000000003 0.11538500000000003
1 0.4586328125 0.5993150248901903 0.073125 0.11538400000000001
1 0.465 0.9615562210834553 0.06437499999999996 0.074109
1 0.4710546875 0.7832942825768668 0.06874999999999998 0.12101300000000001
1 0.4801171875 0.32175528257686675 0.08437499999999998 0.12101299999999997
1 0.4997265625 0.4992376383601757 0.06499999999999995 0.10694200000000006
1 0.5009765625 0.6847942825768668 0.06499999999999995 0.12101399999999998
1 0.5093359375 0.8808552825768667 0.07687499999999997 0.12195100000000007
1 0.5150390625 0.21053515373352852 0.08187500000000003 0.11913699999999999
1 0.52671875 0.4009671537335285 0.08750000000000002 0.11913600000000005
1 0.534375 0.5809217364568082 0.06437499999999996 0.08630300000000002
1 0.5410546875 0.781189767203514 0.06937500000000008 0.10975599999999991
1 0.5472265625 0.9642569633967789 0.06499999999999995 0.06848
1 0.55390625 0.11210625183016104 0.07187499999999991 0.099437
1 0.55640625 0.29807476720351395 0.07062500000000005 0.10975699999999997
1 0.548125 0.5000182210834554 0.03249999999999997 0.07504699999999996
1 0.5736328125 0.032210834553440704 0.073125 0.065666
1 0.5755859375 0.6816385095168375 0.07750000000000001 0.10412800000000005
1 0.5806640625 0.8716576383601757 0.08062499999999995 0.10600399999999992
1 0.5917578125 0.20820312298682284 0.073125 0.09474699999999998
1 0.6130859375 0.10224328257686675 0.07687500000000003 0.12101300000000001
1 0.6175 0.7701602825768666 0.06312499999999999 0.12101300000000001
1 0.6216796875 0.9492911229868227 0.06937499999999996 0.09662300000000003
1 0.63078125 0.2834776383601757 0.07187500000000002 0.10600399999999996
1 0.64859375 0.02342606149341142 0.08625000000000005 0.04784200000000001
1 0.6555859375 0.6875651229868228 0.07687499999999992 0.0938090000000001
1 0.6587890625 0.19296560761346995 0.08062499999999995 0.08442800000000002
1 0.658359375 0.8641967979502195 0.07437500000000008 0.132271
1 0.6946875 0.08636538067349926 0.078125 0.10225199999999998
1 0.7009765625 0.7726325095168376 0.06500000000000006 0.10412800000000005
1 0.71015625 0.2876425095168375 0.07062499999999994 0.10412700000000004
1 0.7328125 0.6748439941434846 0.07937499999999997 0.09286999999999998
1 0.731484375 0.17541428257686678 0.07437500000000008 0.121013
1 0.7317578125 0.032210834553440704 0.073125 0.065666
1 0.782734375 0.09743902489019034 0.07562500000000005 0.115384
1 0.7895703125 0.2728610248901903 0.08812500000000001 0.11538399999999997
1 0.8071875 0.4643442825768667 0.04875000000000007 0.1228900000000001
1 0.7982421875 0.5805088653001463 0.021874999999999978 0.08818000000000002
1 0.832734375 0.36456550951683747 0.07562499999999994 0.104127
1 0.859296875 0.08348128257686677 0.09125000000000005 0.12101300000000001
1 0.86515625 0.27244915373352857 0.07187500000000002 0.11725999999999998
1 0.9120703125 0.19177315373352855 0.08875 0.117261
1 0.9527734375 0.09098628257686676 0.09250000000000003 0.121013
