2 0.0791015625 0.19953091666666667 0.15875 0.12333399999999999
2 0.10546875 0.4359378333333333 0.21125 0.09000000000000001
2 0.138671875 0.6046350833333333 0.27875 0.253334
2 0.1233203125 0.09906216666666667 0.1825 0.16333399999999998
2 0.16234375 0.2357295 0.11750000000000001 0.08
2 0.185 0.3089065833333333 0.125 0.17500000000000004
2 0.207421875 0.08677116666666666 0.1525 0.13166599999999998
2 0.2130859375 0.2010934166666667 0.07624999999999998 0.07666699999999999
2 0.264140625 0.36005208333333333 0.17750000000000002 0.191667
2 0.2342578125 0.17499966666666666 0.10499999999999998 0.085
2 0.305234375 0.052083333333333336 0.10625000000000001 0.106667
2 0.3060546875 0.12661458333333334 0.10125 0.14333300000000002
2 0.3862109375 0.690208 0.23249999999999993 0.34500000000000003
2 0.4 0.43625033333333335 0.1875 0.231666
2 0.416015625 0.048177083333333336 0.14500000000000002 0.096667
2 0.4105078125 0.09312533333333334 0.10375000000000001 0.073333
2 0.498046875 0.040364583333333336 0.12250000000000005 0.083333
2 0.5373046875 0.19906216666666665 0.16250000000000003 0.16166700000000003
2 0.4934765625 0.09979133333333334 0.065 0.075
2 0.5841796875 0.46494825 0.19375000000000003 0.2283329999999999
2 0.5991015625 0.06984408333333333 0.09624999999999995 0.098333
2 0.66265625 0.6981253333333334 0.19625000000000004 0.325
2 0.75609375 0.4597399166666667 0.18125000000000002 0.21666599999999994
2 0.7065234375 0.0673955 0.06125000000000003 0.08
2 0.8371875 0.3742705 0.1725 0.17333399999999996
2 0.7886328125 0.11317708333333333 0.07250000000000001 0.098333
2 0.8758203125 0.668958 0.245 0.28166699999999995
2 0.8716796875 0.28052083333333333 0.13249999999999995 0.151667
2 0.883515625 0.17494791666666665 0.14500000000000002 0.06000000000000002
2 0.929609375 0.5046878333333333 0.13750000000000007 0.278333
