0 0.0048828125 0.8834235461200586 0.01125 0.035647000000000005
0 0.0087890625 0.8059043191800878 0.01875 0.05440900000000013
0 0.02015625 0.7312691903367496 0.040625 0.05253300000000002
0 0.022109375 0.7863185768667643 0.044375 0.06097499999999988
0 0.0093359375 0.8493539326500732 0.014375 0.04409000000000001
0 0.03765625 0.7010226749633968 0.04000000000000001 0.04033700000000005
0 0.08640625 0.9018609941434848 0.13375 0.09193199999999992
0 0.055078125 0.7659781903367496 0.036875 0.05159500000000012
0 0.0533984375 0.7189157730600292 0.029375000000000005 0.017824000000000072
0 0.0515625 0.6794025153733528 0.015625 0.014071000000000111
0 0.0528125 0.6944556749633968 0.0175 0.03846199999999999
0 0.061171875 0.8345282884333822 0.028124999999999997 0.03095700000000004
0 0.07570312500000001 0.6894670614934114 0.036875 0.04784299999999997
0 0.076875 0.8164767730600293 0.033125 0.019700000000000023
0 0.0924609375 0.9129595768667644 0.04625 0.06003799999999979
0 0.0917578125 0.8445496749633968 0.04250000000000001 0.040337999999999936
0 0.109453125 0.8329940614934114 0.03624999999999999 0.04878100000000011
0 0.1065625 0.7102894172767203 0.01625 0.034709000000000025
0 0.1225390625 0.7566672884333822 0.01937499999999999 0.030956999999999957
0 0.13582031249999998 0.716742159590044 0.025624999999999995 0.027204
0 0.1406640625 0.6967435461200586 0.018125000000000002 0.03658599999999987
0 0.1445703125 0.7414739326500733 0.02687500000000001 0.04596599999999988
0 0.1943359375 0.8343621537335285 0.10875000000000001 0.11913700000000006
0 0.1503125 0.6990324172767203 0.017500000000000016 0.032832999999999994
0 0.20765625 0.9326595768667643 0.04000000000000001 0.05910000000000007
0 0.2147265625 0.9025974172767203 0.03375 0.032832999999999994
0 0.2342578125 0.9443284480234262 0.04125000000000001 0.058161999999999846
0 0.2504296875 0.9150199326500732 0.03812500000000002 0.04596599999999996
0 0.2762109375 0.9317215768667642 0.04562500000000003 0.06097600000000019
0 0.2923046875 0.8845890614934115 0.03750000000000003 0.047842999999999886
0 0.3040234375 0.8565171595900439 0.030625000000000013 0.027204
0 0.328125 0.8813631903367497 0.033125000000000016 0.05065599999999992
0 0.3275390625 0.8473195153733527 0.018125000000000002 0.013134000000000107
0 0.3296875 0.8432699019033675 0.01749999999999996 0.021575999999999974
0 0.353046875 0.8678173191800878 0.02812500000000001 0.053471000000000074
0 0.4566015625 0.8363783499267935 0.09687499999999999 0.07880000000000009
0 0.47296875 0.7663900614934114 0.02437499999999998 0.04784300000000005
0 0.4808984375 0.7366696749633969 0.030625000000000013 0.03846199999999999
0 0.48671875 0.780532159590044 0.024375000000000036 0.02907999999999995
0 0.5025 0.7550899019033676 0.033125000000000016 0.020636999999999944
0 0.5033203125 0.7654520614934115 0.026874999999999982 0.04690500000000008
0 0.5154296875 0.861022803806735 0.03750000000000003 0.04221400000000006
0 0.5308984375 0.8451900614934115 0.030625000000000013 0.04784199999999991
0 0.61671875 0.7762971903367497 0.08687500000000004 0.05159499999999995
0 0.61 0.8737439326500732 0.03312499999999996 0.04409000000000001
0 0.6535546875 0.8939700614934114 0.03749999999999998 0.04784300000000005
0 0.6551171875 0.8651435153733528 0.021874999999999978 0.01313299999999997
0 0.688125 0.8943819326500732 0.03187499999999999 0.04409000000000018
0 0.688125 0.7662768038067349 0.03312499999999996 0.042213
0 0.6891015625 0.8684135461200587 0.034375000000000044 0.03658599999999987
0 0.692578125 0.7860900614934113 0.03562499999999991 0.049719000000000006
0 0.72375 0.7758853191800879 0.03125 0.053471000000000074
0 0.7441015625 0.7898420614934114 0.03437499999999993 0.047842999999999886
0 0.802578125 0.8372731903367496 0.036250000000000004 0.05065600000000009
0 0.80453125 0.8099539326500732 0.039999999999999925 0.0459670000000001
0 0.83828125 0.8427879326500731 0.03937500000000005 0.04409000000000001
0 0.840625 0.8040974172767203 0.0318750000000001 0.03283399999999997
0 0.8625 0.8308204480234261 0.03187499999999999 0.05628499999999992
0 0.921640625 0.8475480307467057 0.020625000000000004 0.025328000000000045
0 0.9557421875 0.8375890248901904 0.08562500000000006 0.11538400000000001
0 0.943828125 0.8738581903367496 0.03562500000000002 0.05065700000000006
0 0.948828125 0.9827462884333822 0.03687499999999999 0.030956999999999874
0 0.953125 0.8362910307467057 0.03249999999999997 0.024389999999999988
0 0.9708203125 0.8111905461200586 0.02562500000000001 0.03658500000000006
0 0.971796875 0.8705180614934113 0.028124999999999956 0.04784200000000008
0 0.9851953125 0.9796336749633967 0.026874999999999982 0.03846199999999999
0 0.9864453125 0.8573850614934115 0.02562500000000001 0.04784199999999991
0 0.984765625 0.8182836749633967 0.020625000000000004 0.038461000000000016
0 0.98671875 0.7930247730600294 0.024375000000000036 0.018761999999999963
0 0.993359375 0.9168959326500732 0.011874999999999969 0.04502900000000004
0 0.99515625 0.9365959326500732 0.008125000000000049 0.04596599999999996
0 0.995703125 0.8228594172767203 0.005624999999999991 0.032832999999999994
