2 0.326953125 0.24713508333333334 0.12968799999999997 0.254167
2 0.3302734375 0.24427116666666668 0.12343799999999999 0.25625000000000003
2 0.438671875 0.32057325 0.184375 0.26041600000000004
2 0.421875 0.14479133333333333 0.125 0.19791699999999998
2 0.420702625 0.13255175 0.11406300000000003 0.15
2 0.5501948125 0.145833 0.135938 0.189584
2 0.601562 0.28411491666666666 0.18906299999999998 0.247916
2 0.6052729375 0.26848925 0.17031300000000005 0.258334
2 0.6783203125 0.21458333333333335 0.12031199999999997 0.22916699999999998
2 0.682421875 0.21458333333333335 0.12187500000000007 0.23124999999999996
