2 0.0888671875 0.5880864375 0.178125 0.18593700000000002
2 0.14843800000000001 0.3505859375 0.189062 0.23281200000000002
2 0.1802729375 0.737890625 0.232813 0.20781300000000003
2 0.2513671875 0.5712890625 0.27343700000000004 0.20625000000000004
2 0.1958989375 0.4537114375 0.10781199999999999 0.09374899999999997
2 0.301953125 0.1435546875 0.223437 0.22499999999999998
2 0.32519481250000004 0.387109375 0.19843799999999998 0.16875
2 0.3734375 0.8439458125 0.203125 0.19843699999999997
2 0.476562 0.2318359375 0.18750000000000006 0.14062499999999997
2 0.4708984375 0.120313 0.15468699999999996 0.126562
2 0.53828125 0.7765625 0.22656300000000001 0.20468699999999995
2 0.6365234375 0.191796875 0.15468800000000005 0.15312499999999998
2 0.669921375 0.8716796875 0.19999999999999996 0.19531199999999993
2 0.745703125 0.25859375 0.22343800000000003 0.14999999999999997
2 0.7681635625 0.4263676875 0.19062500000000004 0.19531200000000004
2 0.8173828125 0.7365239375 0.135938 0.17031200000000002
2 0.8556645625 0.56484375 0.15937500000000004 0.17968800000000007
2 0.903125 0.4119140625 0.1890630000000001 0.20625
