1 0.806641125 0.649424908045977 0.19335900000000006 0.26580499999999996
1 0.094727 0.47270075862068966 0.125 0.06896599999999993
1 0.09765631250000001 0.5718394252873563 0.119141 0.15517199999999998
1 0.194335625 0.5603448620689655 0.11425799999999997 0.14798799999999998
1 0.1787110625 0.4037361034482759 0.08105500000000002 0.07902299999999997
1 0.2060543125 0.6034484252873563 0.088868 0.15373599999999996
1 0.199218875 0.4181036666666667 0.05859400000000001 0.08476999999999997
1 0.2138675625 0.46695363218390806 0.06542900000000001 0.05747200000000002
1 0.27050825 0.6767237126436781 0.133789 0.20258700000000004
1 0.3320309375 0.47270111494252876 0.13964899999999997 0.17097699999999993
1 0.3876954375 0.6350574942528736 0.15429699999999996 0.20546
1 0.3994139375 0.797413459770115 0.17089900000000002 0.17959800000000006
1 0.40625 0.518677827586207 0.125 0.12068999999999995
1 0.468750125 0.4152299540229885 0.09960899999999995 0.13505699999999995
1 0.5048825 0.7686782068965518 0.109375 0.156609
1 0.5292970625 0.43534479310344826 0.08203100000000002 0.09626399999999995
1 0.5947268125 0.30459745977011493 0.136718 0.179598
1 0.64550775 0.46839049425287355 0.14843799999999996 0.20402299999999993
1 0.6650388125 0.7198271379310345 0.10449200000000003 0.10488499999999998
1 0.67968775 0.34051735632183905 0.08691399999999994 0.103448
1 0.70703075 0.6020120114942528 0.08691499999999996 0.09482700000000009
1 0.7519530625 0.8390804597701149 0.14453099999999997 0.17816099999999996
1 0.79687475 0.43534442528735634 0.14843800000000007 0.153736
1 0.7968749375 0.3160922988505747 0.1396489999999999 0.142241
1 0.914063 0.8620692413793103 0.15625 0.18390799999999996
1 0.928711 0.26149427586206897 0.125977 0.20689700000000005
1 0.9179690625 0.5862071724137932 0.08203099999999997 0.13074699999999992
1 0.9394531875 0.4655174367816092 0.11718700000000004 0.24425300000000008
1 0.9570310625 0.6752876206896552 0.08203099999999997 0.21695400000000006
