1 0.1044921875 0.5040819165526675 0.21 0.273205
1 0.101953125 0.30794226675786596 0.193125 0.18476399999999998
1 0.239921875 0.1935655512995896 0.15375 0.11296
1 0.3208203125 0.6315936320109439 0.27625 0.343258
1 0.2814453125 0.32868423392612856 0.181875 0.19352
1 0.336640625 0.16899464979480164 0.08312499999999995 0.08756600000000002
1 0.32875 0.2099855950752394 0.06437500000000002 0.10157600000000001
1 0.420546875 0.21118435430916555 0.15375 0.16287200000000002
1 0.4773828125 0.3909610369357045 0.19750000000000006 0.24168100000000003
1 0.432734375 0.1030456169630643 0.10625000000000001 0.096323
1 0.6437109375000001 0.7543972380300957 0.29562499999999997 0.4413309999999999
1 0.5878125 0.27806128864569085 0.17312500000000008 0.179509
1 0.575078125 0.10966760601915186 0.13 0.09895
1 0.7214453125 0.4986596867305061 0.275625 0.33099799999999996
1 0.67609375 0.21452129958960328 0.1499999999999999 0.176007
1 0.721328125 0.1354414418604651 0.130625 0.141857
1 0.8291796875 0.341379146374829 0.19374999999999998 0.21541199999999996
1 0.871640625 0.23767231053351573 0.176875 0.17250399999999996
1 0.87328125 0.1371966169630643 0.16562500000000002 0.09632200000000002
