1 0.19734374999999998 0.7450818235294118 0.21125 0.3964209999999999
1 0.3043359375 0.9220445882352941 0.23312500000000003 0.15348399999999993
1 0.388125 0.2080420588235294 0.06437500000000002 0.23823
1 0.494296875 0.16911764705882354 0.21625 0.339925
1 0.6247265625 0.3607313529411765 0.19124999999999992 0.3644069999999999
1 0.6665625 0.09705882352941177 0.2037500000000001 0.194915
1 0.7351171875 0.6157197058823529 0.27312500000000006 0.42466999999999994
1 0.82984375 0.18970588235294117 0.24250000000000005 0.380414
1 0.87671875 0.8128255294117647 0.24375000000000002 0.370056
1 0.9208984375 0.3710565882352941 0.155625 0.505649
