1 0.064453125 0.24447883333333334 0.13 0.434167
1 0.1533203125 0.7314579999999999 0.308125 0.5333340000000001
1 0.297421875 0.31531216666666667 0.371875 0.47500000000000003
1 0.27203125 0.0546875 0.289375 0.110833
1 0.36417968749999996 0.9114065833333332 0.32000000000000006 0.17500000000000013
1 0.4949609375 0.67963575 0.26375 0.46166599999999997
1 0.5450781250000001 0.23255208333333333 0.28687499999999994 0.44249999999999995
1 0.69796875 0.109375 0.275 0.219167
1 0.761171875 0.8356253333333333 0.34062499999999996 0.325
1 0.7325390625 0.5087503333333333 0.23750000000000004 0.355833
1 0.8830859375 0.26911491666666665 0.23250000000000004 0.31166600000000005
1 0.9088671875 0.6230725833333334 0.17937500000000006 0.4266670000000001
