0 0.27945312499999997 0.6048911478770131 0.129375 0.20825499999999997
0 0.01171875 0.05502344802342606 0.02375 0.057223
0 0.21875 0.7520145168374817 0.4375 0.491557
0 0.048203125 0.28432831918008783 0.068125 0.05534700000000003
0 0.131640625 0.10519747877013177 0.08312499999999999 0.08067499999999998
0 0.1585546875 0.02635431918008785 0.10124999999999999 0.053471000000000005
0 0.3672265625 0.14990192679355782 0.06562499999999999 0.13696000000000003
0 0.538125 0.0861378653001464 0.06437500000000007 0.09005600000000001
0 0.7628515625 0.36510192825768667 0.47187500000000004 0.613509
0 0.617265625 0.08487531332357247 0.083125 0.14446499999999998
0 0.8403515625 0.2532665651537335 0.15875000000000006 0.24015000000000006
