2 0.2190234375 0.7485416666666667 0.12437499999999999 0.17916700000000008
2 0.2021875 0.3705205 0.07875000000000001 0.1100000000000001
2 0.2374609375 0.26401041666666664 0.108125 0.14000000000000004
2 0.3041015625 0.6316663333333333 0.12875 0.16666700000000004
2 0.3539453125 0.5024475833333334 0.08937499999999998 0.14333399999999993
2 0.4127734375 0.4634371666666666 0.09187499999999998 0.13083400000000003
2 0.44890625 0.20359408333333331 0.10312499999999997 0.159166
2 0.5038281250000001 0.17651041666666667 0.09812499999999996 0.139167
2 0.6038671875 0.9421874999999998 0.08437499999999998 0.11166700000000018
2 0.749296875 0.9370309166666666 0.09125000000000005 0.12333400000000012
2 0.8374609375 0.701667 0.07625000000000004 0.12583299999999994
