2 0.126953125 0.6501954014598541 0.255 0.29466699999999985
2 0.148984375 0.344968299270073 0.231875 0.25537899999999997
2 0.2025 0.4852713138686131 0.281875 0.374181
2 0.3264453125 0.206789401459854 0.275625 0.293733
2 0.285703125 0.8455206715328467 0.193125 0.306829
2 0.4042578125 0.6818866934306569 0.22937500000000005 0.2871850000000001
2 0.4590234375 0.39939404379562043 0.24937499999999996 0.359214
2 0.5702343750000001 0.854010693430657 0.386875 0.2881199999999999
2 0.518046875 0.1627523795620438 0.21499999999999997 0.312442
2 0.5770703125000001 0.46153083941605844 0.21374999999999994 0.28344299999999994
2 0.7640625 0.6835439927007299 0.329375 0.542563
2 0.75734375 0.11970802919708029 0.27375000000000005 0.239476
2 0.79359375 0.41134197810218975 0.33687500000000004 0.421889
