2 0.8975390625 0.2925782459736457 0.14312499999999995 0.18761800000000003
2 0.099609375 0.4333821376281113 0.2 0.86773
2 0.103515625 0.16251830161054173 0.208125 0.327392
2 0.48335937500000004 0.5872540761346998 0.5756249999999999 0.8217639999999998
2 0.5508593749999999 0.03367496339677892 0.450625 0.069418
2 0.410390625 0.17200305563689605 0.145625 0.138837
2 0.3830859375 0.027818448023426062 0.07687500000000003 0.058161
2 0.46484375 0.03513909224011713 0.08687500000000004 0.071295
2 0.574765625 0.03555096339677891 0.1150000000000001 0.069419
2 0.685 0.03513909224011713 0.09499999999999997 0.071295
2 0.90859375 0.4929458857979503 0.18062500000000004 0.771107
2 0.8737109375 0.4987738901903368 0.10875000000000001 0.20356399999999997
2 0.911015625 0.013177159590043924 0.17625000000000002 0.029081
2 0.8854296875 0.01903367496339678 0.10125000000000006 0.038462
2 0.8970703125 0.6567396017569546 0.08812500000000001 0.17354600000000003
2 0.9419140625 0.7612535344070278 0.11312500000000003 0.21763599999999994
2 0.961484375 0.017569546120058566 0.07500000000000007 0.036585
2 0.962109375 0.5834294055636896 0.07437499999999997 0.214822
2 0.96265625 0.38837750366032214 0.07187500000000002 0.194184
