2 0.81056 0.540913625 0.282679 0.30228700000000003
2 0.1962890625 0.8389186875 0.393791 0.318627
2 0.1136195625 0.0947265625 0.222222 0.189542
2 0.28927962500000004 0.19875318749999998 0.302287 0.303921
2 0.3275190625 0.4596095 0.299019 0.26634
2 0.391148125 0.7220371875 0.34803899999999993 0.42810499999999996
2 0.547372875 0.430517625 0.339869 0.27124099999999995
2 0.555658 0.23475775 0.282679 0.27451000000000003
2 0.7029401875 0.76636525 0.334967 0.32189599999999996
2 0.758948625 0.21088600000000002 0.26960799999999996 0.28268
2 0.871732 0.3507131875 0.251634 0.303922
