1 0.2246484375 0.44349159064327487 0.0925 0.103933
1 0.273671875 0.41366075438596495 0.02812500000000001 0.06366999999999998
1 0.39984375 0.5870955204678362 0.08750000000000002 0.12078599999999996
1 0.4351953125 0.6586338245614035 0.05812500000000004 0.044008
1 0.4708984375 0.602717485380117 0.06124999999999997 0.13014899999999988
1 0.5008203124999999 0.5438107543859649 0.05750000000000005 0.06366999999999998
1 0.5031640625 0.6592087076023392 0.050000000000000044 0.07490700000000004
1 0.5506640625 0.39679056725146195 0.08125000000000004 0.10955000000000004
1 0.524765625 0.7141077777777778 0.02124999999999999 0.05711600000000007
1 0.56921875 0.540984567251462 0.05625000000000002 0.109551
1 0.6625390625 0.5561965204678363 0.08062499999999995 0.12078599999999996
1 0.663203125 0.7082598245614036 0.03687499999999999 0.04587999999999997
1 0.7253515625 0.8036336608187135 0.03500000000000003 0.08614199999999993
1 0.94015625 0.785498730994152 0.039999999999999925 0.0683520000000001
1 0.97125 0.8292757777777778 0.0318750000000001 0.0571159999999999
