2 0.0517578125 0.19552049999999999 0.10375 0.361667
2 0.1304296875 0.1171875 0.195 0.235
2 0.2835546875 0.5270836666666666 0.38125 0.39833300000000005
2 0.2186328125 0.17671875 0.198125 0.274167
2 0.242421875 0.05078125 0.09062500000000001 0.1025
2 0.348125 0.09244791666666667 0.12624999999999997 0.186667
2 0.388125 0.14510383333333332 0.15625 0.21499999999999997
2 0.559375 0.17557291666666666 0.31375000000000003 0.34333300000000005
2 0.4481640625 0.8115100833333333 0.050624999999999976 0.09833400000000007
2 0.4983203125 0.7544788333333333 0.05687500000000001 0.058333999999999886
2 0.6928125 0.5725003333333333 0.04874999999999996 0.04333299999999999
