2 0.511328625 0.2564453125 0.145312 0.089062
2 0.25078125 0.2576176875 0.13437499999999997 0.13125
2 0.2888676875 0.7228515625 0.19375 0.19062499999999993
2 0.29375 0.4552739375 0.189062 0.20156200000000002
2 0.303125 0.13085887499999999 0.126563 0.121876
2 0.3798828125 0.588671875 0.167188 0.15312500000000007
2 0.375390625 0.215625 0.08281300000000003 0.126562
2 0.4078125 0.3843755 0.14218799999999998 0.171875
2 0.4201176875 0.16640675 0.07031199999999999 0.08749999999999998
2 0.5177734375 0.554296875 0.12343699999999996 0.12187499999999996
2 0.5515625 0.085546875 0.14218800000000004 0.12187500000000001
2 0.5572260625 0.1693364375 0.08125000000000004 0.092187
