1 0.025390625 0.1331774166666667 0.051875 0.13999999999999999
1 0.03515625 0.7004684166666667 0.07125 0.16999999999999993
1 0.05859375 0.8682809166666666 0.1175 0.18583399999999997
1 0.051875 0.33203125 0.095625 0.16416700000000004
1 0.0676953125 0.07609375 0.12 0.11916700000000002
1 0.10890625000000001 0.5868746666666667 0.133125 0.17916699999999994
1 0.1091796875 0.21718783333333333 0.13187500000000002 0.15333300000000002
1 0.1326171875 0.9590625 0.14750000000000002 0.07916699999999999
1 0.14207031250000002 0.7608333333333333 0.120625 0.16666700000000004
1 0.1521484375 0.36140625 0.12375000000000001 0.134167
1 0.1651953125 0.9002083333333334 0.08937500000000001 0.135833
1 0.1788671875 0.11755175 0.11624999999999999 0.15000000000000002
1 0.1964453125 0.25713508333333335 0.08937500000000001 0.129167
1 0.224453125 0.6705208333333333 0.13062500000000002 0.151667
1 0.24859375 0.4902600833333333 0.1175 0.16000000000000006
1 0.241875 0.40453158333333333 0.09562500000000002 0.08250000000000002
1 0.2629296875 0.8955725833333332 0.13187499999999996 0.17583400000000005
1 0.2776953125 0.30192708333333335 0.11937500000000001 0.160833
1 0.27132812500000003 0.05588541666666667 0.09937500000000002 0.108333
1 0.29109375000000004 0.1640104166666667 0.11749999999999997 0.13999999999999999
1 0.3311328125 0.7410940833333334 0.135625 0.1608330000000001
1 0.3462890625 0.5677600833333334 0.11249999999999999 0.16
1 0.3458984375 0.9325 0.09250000000000003 0.12750000000000009
1 0.3574609375 0.40328158333333336 0.10812499999999997 0.14583299999999996
1 0.3887890625 0.09307325 0.11249999999999999 0.134166
1 0.38828125 0.010416666666666666 0.101875 0.023333000000000003
1 0.38953125 0.25088574999999996 0.10312500000000002 0.149166
1 0.4387109375 0.8856774166666668 0.10749999999999998 0.13999999999999999
1 0.4462109375 0.97786425 0.10874999999999996 0.04083400000000011
1 0.455859375 0.731458 0.10562500000000002 0.15833399999999997
1 0.4618359375 0.34880208333333335 0.10749999999999998 0.12916700000000003
1 0.467265625 0.4902600833333333 0.11375000000000002 0.16000000000000006
1 0.4577734375 0.19765658333333333 0.09187500000000004 0.11249999999999998
1 0.4694921875 0.07609375 0.08437499999999998 0.11750000000000001
1 0.595546875 0.9594274166666666 0.08999999999999997 0.07750000000000012
1 0.6173046875 0.8232809166666666 0.13124999999999998 0.18583400000000014
1 0.607109375 0.3272395833333333 0.10562500000000008 0.175833
1 0.6059765625 0.08651041666666666 0.09687500000000004 0.138333
1 0.621875 0.60838575 0.12687500000000007 0.15000000000000005
1 0.6619140625 0.22072916666666667 0.14312500000000006 0.161667
1 0.6866015625 0.4635416666666667 0.12874999999999992 0.178333
1 0.6894921875 0.07942708333333333 0.11625000000000008 0.160833
1 0.71 0.7221350833333333 0.125 0.12916699999999995
1 0.732734375 0.9722395833333334 0.16874999999999996 0.051666999999999984
1 0.700078125 0.34078091666666666 0.06687500000000002 0.06166699999999995
1 0.7378515625 0.8866663333333333 0.12812500000000004 0.1683339999999999
1 0.834375 0.020833333333333332 0.28312500000000007 0.041667
1 0.7378515625 0.31515625 0.06562500000000004 0.071667
1 0.7844140625 0.6131253333333334 0.14312499999999995 0.19916599999999995
1 0.7705859375 0.3961455 0.07750000000000001 0.14166700000000007
1 0.81546875 0.0703125 0.11875000000000002 0.141667
1 0.848671875 0.46015591666666666 0.15375000000000005 0.15499999999999994
1 0.852265625 0.77625 0.14625 0.1875
1 0.86609375 0.94661425 0.15000000000000002 0.1016670000000001
1 0.8608984375 0.3140621666666667 0.12437500000000001 0.161667
1 0.8822265625 0.8565104166666666 0.12812500000000004 0.13999999999999999
1 0.898828125 0.16874999999999998 0.130625 0.18916699999999997
1 0.8999609375 0.6043229166666667 0.10812500000000003 0.15499999999999994
1 0.956640625 0.48359341666666666 0.08374999999999999 0.20083400000000004
1 0.95375 0.3370309166666667 0.06312499999999999 0.12416700000000007
1 0.955546875 0.7273434166666667 0.059374999999999956 0.13833399999999996
1 0.9659765625 0.9542708333333333 0.06562500000000004 0.08916700000000007
1 0.968671875 0.8277083333333334 0.06000000000000005 0.13583299999999987
1 0.97828125 0.6106253333333332 0.04062500000000002 0.0741660000000001
1 0.9846484375 0.7048440833333333 0.02937500000000004 0.09833300000000007
