2 0.7070309375 0.21428585714285717 0.10839900000000002 0.11530599999999999
2 0.17675825 0.47653087755102036 0.134765 0.07040800000000001
2 0.16894506250000002 0.5377554693877551 0.113281 0.06938699999999999
2 0.17968725000000002 0.412244693877551 0.13281300000000001 0.07449
2 0.186523375 0.345917918367347 0.10644500000000001 0.079592
2 0.1874999375 0.5887750612244897 0.10742200000000002 0.0663270000000001
2 0.215819875 0.648979224489796 0.12109399999999998 0.1071430000000001
2 0.2236326875 0.2938779591836735 0.10058599999999998 0.08979600000000003
2 0.25195287499999997 0.25408114285714284 0.09082100000000001 0.086735
2 0.256835875 0.7081632653061225 0.08984400000000003 0.11734699999999997
2 0.2890625625 0.4857144285714286 0.09667999999999999 0.057142999999999985
2 0.29492212500000003 0.5591840612244897 0.09960899999999998 0.06632600000000007
2 0.2958985625 0.42040824489795914 0.09765599999999999 0.06224500000000003
2 0.2958985 0.21224500000000002 0.079102 0.10102000000000001
2 0.3085933125 0.7551024897959184 0.087891 0.12346900000000005
2 0.3105464375 0.3632651020408163 0.09277400000000002 0.077551
2 0.334961 0.6224493265306121 0.09472599999999998 0.08367300000000003
2 0.3417965 0.31224536734693875 0.078125 0.09387700000000006
2 0.351562875 0.17857163265306122 0.09082000000000001 0.110204
2 0.3681645625 0.7816328979591838 0.06640599999999997 0.12550999999999993
2 0.380859875 0.6500004081632653 0.09179599999999999 0.10408100000000009
2 0.3847651875 0.5071430612244898 0.08496100000000001 0.06632600000000001
2 0.38867175 0.44387783673469383 0.08691399999999999 0.060204000000000035
2 0.388671875 0.288776 0.05957000000000001 0.10204000000000003
2 0.4082031875 0.39285691836734693 0.08593699999999999 0.07959200000000005
2 0.4169925 0.5551021428571429 0.078125 0.08673500000000003
2 0.4111325625 0.16224481632653062 0.06640599999999997 0.104082
2 0.4355464375 0.8153056734693878 0.09277400000000002 0.11938800000000008
2 0.4501955625 0.6959182653061223 0.06640600000000002 0.11734700000000019
2 0.4492191875 0.2714281836734694 0.054686999999999986 0.09693900000000001
2 0.452148875 0.36326495918367346 0.05957000000000001 0.08979599999999997
2 0.4746094375 0.5775514081632652 0.06152299999999994 0.10408099999999998
2 0.48437525 0.4602039183673469 0.07128899999999999 0.079592
2 0.4882815 0.15918348979591837 0.07910100000000003 0.122449
2 0.5117191249999999 0.8224487142857143 0.068359 0.12857200000000008
2 0.5146488124999999 0.2724491836734694 0.07324199999999997 0.09693900000000001
2 0.5244140625 0.6857141224489796 0.08105499999999999 0.13163300000000006
2 0.520508 0.36326495918367346 0.06445299999999993 0.08979599999999997
2 0.53710925 0.5663261428571428 0.07031300000000007 0.08673500000000003
2 0.5644531875 0.39489787755102046 0.08593700000000004 0.06938799999999996
2 0.574219125 0.5224492857142856 0.09960899999999995 0.07244900000000001
2 0.56933625 0.15918344897959183 0.07128900000000005 0.11224499999999998
2 0.5732416875 0.8112241224489796 0.06933599999999995 0.13163299999999994
2 0.5908198125 0.4602042448979592 0.10449299999999995 0.06224500000000003
2 0.5810545 0.2795919591836735 0.08007799999999998 0.09081599999999998
2 0.5888670625 0.6724486326530612 0.08105499999999999 0.10816400000000012
2 0.61914025 0.3112241020408163 0.10156300000000007 0.076531
2 0.621093375 0.6265303265306121 0.10644600000000004 0.08265300000000016
2 0.630859 0.1734691836734694 0.09375 0.096939
2 0.630859625 0.7918364897959184 0.08300799999999997 0.12244899999999995
2 0.6582026875 0.352040693877551 0.09960999999999998 0.07551000000000005
2 0.66210925 0.5765309183673468 0.10156300000000007 0.07959200000000005
2 0.6816409375 0.7479588163265306 0.108398 0.104082
2 0.6904300625 0.45204083673469386 0.11328099999999997 0.05918399999999999
2 0.685547 0.3948978367346939 0.09570299999999998 0.06020399999999997
2 0.6923829375 0.5234694693877552 0.10742200000000002 0.06836699999999994
2 0.7294918125 0.6887755510204082 0.10351600000000005 0.088775
2 0.7402348125 0.26632665306122455 0.10449200000000003 0.06428600000000001
2 0.7724605 0.6479593673469388 0.109375 0.09183700000000003
2 0.769531 0.31530573469387757 0.094727 0.08469400000000003
2 0.7978515 0.3785712857142857 0.109375 0.07244900000000001
2 0.8076173125 0.5724485510204081 0.11914099999999994 0.08877599999999992
2 0.8085941875 0.44285724489795913 0.11621099999999995 0.06224500000000003
2 0.821288875 0.518367612244898 0.12207000000000001 0.05510199999999987
