1 0.103515625 0.11588541666666667 0.208008 0.233073
1 0.125976625 0.3242186666666667 0.146484 0.14713599999999996
1 0.281249625 0.24609375 0.23925799999999997 0.304688
1 0.3066410625 0.4270835 0.17480400000000001 0.11067699999999991
1 0.289062375 0.06770875 0.042969000000000035 0.087239
1 0.3994136875 0.07942708333333333 0.19335999999999998 0.161458
1 0.481445625 0.2760416666666667 0.17773400000000006 0.273437
1 0.451171625 0.4309894166666666 0.11425800000000003 0.07682300000000009
1 0.6083979375 0.11979166666666667 0.2011719999999999 0.240885
1 0.644531375 0.6718751666666666 0.07519500000000001 0.06901000000000009
1 0.7265625625 0.7161459166666666 0.09765600000000008 0.09114600000000002
1 0.739257625 0.592448 0.11425799999999997 0.15755200000000005
1 0.7900393125 0.67838575 0.05761699999999992 0.118489
1 0.8281245 0.6380213333333332 0.079102 0.10677000000000003
1 0.866211 0.6028643333333333 0.09472600000000009 0.10416699999999997
1 0.9033200625 0.5572918333333333 0.08105499999999999 0.1197919999999999
