1 0.0146484375 0.9028649166666667 0.029687 0.030207999999999863
1 0.0587893125 0.6671871666666668 0.027343 0.03645899999999994
1 0.0990236875 0.55390625 0.039062 0.04062499999999991
1 0.154687 0.7049479166666668 0.03125 0.030207999999999863
1 0.1564455625 0.3520833333333333 0.03515599999999999 0.07291700000000005
1 0.19375025 0.3377604166666666 0.03984299999999999 0.07708300000000001
1 0.1994140625 0.26249966666666663 0.05000000000000002 0.05208400000000002
1 0.2142580625 0.7677083333333332 0.019530999999999993 0.041667000000000044
1 0.25234325 0.772917 0.03906299999999999 0.032291000000000146
1 0.28359375 0.54088575 0.055469000000000046 0.08854100000000005
1 0.367577875 0.586458 0.05937500000000001 0.09375
1 0.3888676875 0.16067708333333333 0.03828100000000001 0.06666700000000002
1 0.406640125 0.2192708333333333 0.035156999999999994 0.057292000000000044
1 0.4486330625 0.2546875 0.050780999999999965 0.046875
1 0.465233875 0.5307288333333333 0.05859399999999998 0.057291999999999975
1 0.4904301875 0.9770833333333334 0.05390600000000001 0.04270799999999989
1 0.5109375 0.4942708333333334 0.046875000000000056 0.0572919999999999
1 0.549219 0.6687496666666667 0.06328100000000003 0.05312500000000009
1 0.55625 0.5408850833333334 0.0625 0.06562499999999989
1 0.584375 0.346875 0.03125 0.03125
1 0.59609375 0.8885413333333334 0.05546899999999999 0.07291700000000005
1 0.664453625 0.9692708333333334 0.051562 0.05833299999999989
1 0.6517580625 0.4005208333333334 0.019530999999999965 0.05833299999999997
1 0.71015625 0.6440104166666666 0.03906299999999996 0.07812499999999993
1 0.711327875 0.804167 0.027343999999999924 0.03125
1 0.72109375 0.4341149166666667 0.02421899999999999 0.06145800000000001
1 0.7365239375 0.6789065833333333 0.04609300000000005 0.05104099999999997
1 0.749219 0.6140621666666667 0.03125 0.03750000000000009
1 0.767969 0.6411455 0.03203100000000003 0.046875
1 0.938671875 0.8651045 0.058593999999999924 0.046875
1 0.933984875 0.9161461666666666 0.028124999999999956 0.03750000000000009
1 0.967188 0.8169270833333334 0.03125 0.036457999999999956
1 0.984765625 0.7973958333333334 0.020313000000000025 0.0572919999999999
1 0.98671875 0.877083 0.02421899999999999 0.03229200000000013
