2 0.0478515625 0.77265625 0.096875 0.13281299999999996
2 0.0712895625 0.5958989375 0.096874 0.07656200000000002
2 0.1529291875 0.77265625 0.11562599999999999 0.13281299999999996
2 0.167187 0.6125005 0.09531300000000001 0.109375
2 0.25878956249999996 0.7927734375 0.09687500000000002 0.12343800000000005
2 0.2525390625 0.6064453125 0.08125000000000002 0.089063
2 0.328515125 0.805078125 0.09843799999999997 0.09843800000000003
2 0.335546875 0.60703125 0.09062499999999996 0.07187500000000002
2 0.3576171875 0.744921375 0.08437500000000003 0.07499999999999996
2 0.4248046875 0.8197270625 0.10156199999999999 0.0812489999999999
2 0.423046875 0.594922375 0.09062500000000001 0.10624999999999996
2 0.4109375 0.4701166875 0.04843700000000001 0.06874999999999998
2 0.43984375 0.7406255 0.08750000000000002 0.078125
2 0.4294921875 0.3505864375 0.05312499999999998 0.09218699999999996
2 0.4703125 0.483984375 0.078125 0.07499999999999996
2 0.4982426875 0.3646484375 0.06874899999999995 0.09218700000000002
2 0.514452625 0.59140575 0.08281300000000003 0.08593800000000007
2 0.5195307499999999 0.8150390625 0.08749999999999997 0.08124999999999993
2 0.5343755 0.741015625 0.078125 0.082812
2 0.539453125 0.4822265625 0.06718800000000003 0.06562499999999999
2 0.5765625 0.3720703125 0.078125 0.089063
2 0.5968755 0.593358875 0.078125 0.0906260000000001
2 0.619921375 0.8099609375 0.10624999999999996 0.10781200000000002
2 0.612890125 0.504687 0.06718800000000003 0.06406299999999998
2 0.614453125 0.4619140625 0.06718799999999991 0.04999999999999999
2 0.6314453125 0.7396484375 0.08906199999999997 0.09218700000000002
2 0.6517583125 0.3658208125 0.057811999999999975 0.07343700000000003
2 0.685938 0.5904296875 0.09375 0.10156199999999993
2 0.6751953125 0.495313 0.057811999999999975 0.06406199999999995
2 0.71640575 0.8078125 0.08593800000000007 0.11093699999999995
2 0.7138676875 0.366796875 0.07031200000000004 0.059374999999999956
2 0.7484375 0.49921875 0.07968700000000006 0.08593800000000001
2 0.770703625 0.612109375 0.082812 0.10625000000000007
2 0.787108875 0.3708979375 0.059374999999999956 0.07656299999999999
2 0.7968745 0.7451171875 0.07812599999999992 0.08593700000000004
2 0.804687 0.826172375 0.09531299999999998 0.10624900000000004
2 0.8234375 0.4779291875 0.07968699999999995 0.08437499999999998
2 0.8470703125 0.6021484375 0.08906199999999997 0.09218799999999994
2 0.8638671875 0.396484375 0.08593699999999993 0.10625000000000001
2 0.8718745 0.74375 0.07968799999999998 0.0625
2 0.8937505 0.8203125 0.078125 0.109375
2 0.890233875 0.4845703125 0.059376000000000095 0.05781300000000006
2 0.919140625 0.60546875 0.08281299999999991 0.08750000000000002
2 0.958984375 0.833203625 0.07499999999999996 0.082812
2 0.9611328125 0.765625 0.073438 0.06406199999999995
