2 0.0439453125 0.2583720588235294 0.088125 0.18549899999999994
2 0.073046875 0.47011988235294117 0.12125000000000001 0.180791
2 0.112734375 0.6071728823529412 0.138125 0.23163799999999993
2 0.136875 0.9726824117647058 0.06312500000000001 0.04990499999999994
2 0.246328125 0.499711705882353 0.16125 0.22410599999999994
2 0.2755078125 0.15524817647058822 0.13624999999999998 0.256121
2 0.255546875 0.9564304705882353 0.09125 0.08380399999999999
2 0.272109375 0.8594328823529411 0.07437500000000002 0.13182700000000008
2 0.3742578125 0.06323529411764706 0.135625 0.129002
2 0.3813671875 0.21847552941176468 0.11625000000000002 0.170433
2 0.4151171875 0.4905280588235294 0.17812500000000003 0.23540499999999995
2 0.466484375 0.3461638235294118 0.16812500000000002 0.246705
2 0.5005859375 0.125 0.17062500000000003 0.252354
2 0.478828125 0.841001705882353 0.09875000000000006 0.17419999999999985
2 0.5708203125 0.7469780588235294 0.05687500000000001 0.08662899999999997
2 0.620625 0.029411764705882353 0.09562500000000007 0.059322
2 0.719296875 0.7717013529411765 0.24750000000000005 0.3126179999999999
2 0.6965234375 0.5078567058823529 0.18625000000000003 0.37476499999999996
2 0.7523046875 0.13239729411764706 0.06937499999999996 0.077213
2 0.8391015625 0.505361705882353 0.12812500000000004 0.22410499999999997
2 0.84953125 0.9274622352941176 0.10250000000000004 0.14218399999999998
2 0.860703125 0.21977664705882352 0.09875 0.140301
2 0.942265625 0.28834617647058824 0.05125000000000002 0.10828600000000004
2 0.9692578125 0.14573817647058823 0.04249999999999998 0.158192
2 0.971484375 0.3318713529411765 0.04375000000000007 0.21374700000000005
