2 0.0400390625 0.4877843352769679 0.080519 0.263566
2 0.0556640625 0.09620991253644315 0.111688 0.193798
2 0.138427875 0.10926183090379009 0.09090999999999999 0.17441800000000002
2 0.156650875 0.8873712827988339 0.12207799999999999 0.17829399999999992
2 0.2427180625 0.47456337900874634 0.142857 0.16666699999999995
2 0.2537519375 0.5994873119533527 0.140259 0.11627900000000004
2 0.230625625 0.9714778892128281 0.083117 0.046511999999999866
2 0.3128470625 0.20324537900874637 0.14285799999999998 0.166667
2 0.3965679375 0.18575266763848394 0.109091 0.131783
2 0.445002875 0.90771083090379 0.15324700000000002 0.174419
2 0.4823024375 0.5109389125364432 0.12467600000000001 0.193798
2 0.564463375 0.9067502827988339 0.13766200000000006 0.1782949999999999
2 0.573564625 0.43202880174927116 0.14545399999999997 0.236435
2 0.613854375 0.10538583090379008 0.16883100000000006 0.174418
2 0.6517578125 0.20460168221574349 0.10389599999999999 0.10077499999999999
2 0.804713125 0.9019147346938775 0.12986999999999993 0.18604600000000004
2 0.8180523125 0.6155561049562682 0.15064900000000003 0.17054199999999997
2 0.8349660625 0.43928362390670556 0.1740259999999999 0.22868299999999997
2 0.848869125 0.11800818658892127 0.12987000000000004 0.18992199999999998
2 0.9530363125 0.17760491253644314 0.08831200000000006 0.19379900000000003
