2 0.056640625 0.7748051875 0.114063 0.14687399999999995
2 0.078125 0.307812 0.15625 0.218751
2 0.0791015625 0.462109375 0.159375 0.10625000000000001
2 0.09375 0.1205078125 0.1875 0.167188
2 0.1748046875 0.64296875 0.351562 0.30468800000000007
2 0.1875 0.8875 0.375 0.2203130000000001
2 0.0873041875 0.03125 0.146876 0.0625
2 0.195702625 0.412890625 0.33281299999999997 0.23906199999999994
2 0.221484875 0.201953125 0.30937499999999996 0.22343799999999997
2 0.2841796875 0.07421875 0.25625 0.148438
2 0.4421875 0.93984375 0.39218800000000004 0.11718800000000007
2 0.4593745 0.757421875 0.360938 0.27812499999999996
2 0.4072265625 0.53203125 0.25312500000000004 0.22812499999999997
2 0.4751958125 0.31171875 0.292187 0.21250000000000002
2 0.476952625 0.1197270625 0.20781300000000003 0.20625
2 0.4888676875 0.02734375 0.16406200000000004 0.05625
2 0.6560541875 0.538672375 0.303126 0.26250000000000007
2 0.68203125 0.0283203125 0.19687500000000002 0.057813
2 0.7646489375 0.351171875 0.357812 0.24687499999999998
2 0.7185546875 0.13769581250000001 0.2562500000000001 0.16718699999999997
2 0.748046875 0.776171375 0.30937499999999996 0.29374999999999996
2 0.76484375 0.93828075 0.30468799999999996 0.11875100000000005
2 0.8935541875 0.03125 0.209376 0.064062
2 0.904688 0.141015625 0.1875 0.207812
2 0.9130859375 0.3318364375 0.17031300000000005 0.249999
2 0.9220703125 0.5888666874999999 0.151563 0.28750100000000006
2 0.952733875 0.8656255 0.0906260000000001 0.265625
