2 0.4949609375 0.2854163333333333 0.07687499999999997 0.10583399999999998
2 0.1940625 0.5752604166666666 0.016875 0.07583300000000011
2 0.207421875 0.63125 0.028749999999999998 0.0650000000000001
2 0.24578125 0.6771871666666667 0.03999999999999998 0.06833399999999996
2 0.2976171875 0.7183850833333333 0.05437500000000001 0.06750000000000005
2 0.3550390625 0.767708 0.080625 0.09416699999999996
2 0.3515625 0.3539065833333333 0.046875 0.04999999999999997
2 0.3805859375 0.4236461666666667 0.04624999999999996 0.09999999999999994
2 0.4276953125 0.7847399166666666 0.08812500000000001 0.09166600000000003
2 0.4360546875 0.2910934166666666 0.03750000000000003 0.07750000000000005
2 0.489453125 0.78125 0.09937500000000005 0.06499999999999995
2 0.577265625 0.7831253333333333 0.08374999999999999 0.07500000000000002
2 0.569296875 0.29822883333333333 0.059374999999999956 0.12083400000000004
2 0.6211328125 0.300208 0.07250000000000001 0.09500000000000004
2 0.64 0.7466666666666666 0.06437499999999996 0.08583300000000005
2 0.6951953125 0.70411425 0.05812499999999998 0.10333399999999981
2 0.7315625 0.6751038333333333 0.04749999999999999 0.09000000000000001
2 0.7598046875 0.6264059166666667 0.03750000000000009 0.09333400000000003
2 0.7801953125 0.57734375 0.026875000000000093 0.05666699999999995
