1 0.07230468749999999 0.78796875 0.07 0.08750000000000006
1 0.12609375 0.7426045 0.05562500000000001 0.04750000000000002
1 0.128046875 0.80963575 0.05937499999999998 0.08666599999999998
1 0.1364453125 0.89796875 0.05687500000000001 0.08750000000000006
1 0.1520703125 0.7126562499999999 0.05812500000000001 0.07250000000000008
1 0.1851953125 0.7944274166666666 0.05812500000000001 0.07750000000000012
1 0.188125 0.8767708333333334 0.0625 0.08916699999999993
1 0.1888671875 0.935625 0.05374999999999999 0.031666999999999966
1 0.2158984375 0.7336975833333333 0.060624999999999984 0.08250000000000002
1 0.2440625 0.9119274166666668 0.04874999999999999 0.07749999999999997
1 0.251953125 0.842917 0.036250000000000004 0.0625
1 0.2566015625 0.7920315833333333 0.03437499999999999 0.080833
1 0.3676953125 0.8122399166666666 0.05812500000000004 0.09166600000000003
1 0.3979296875 0.8873440833333334 0.07 0.09833299999999993
1 0.4022265625 0.9583850833333334 0.06625000000000003 0.06666699999999996
1 0.42859375 0.8150520833333333 0.05562499999999998 0.0674999999999999
1 0.4609375 0.8858850833333333 0.048750000000000016 0.0666670000000001
1 0.4733203125 0.9368232500000001 0.05687499999999995 0.07166599999999985
1 0.488125 0.8308850833333333 0.033125000000000016 0.06666699999999996
1 0.5221484375000001 0.9049996666666668 0.06187499999999996 0.08416700000000003
1 0.5532421875 0.8860934166666666 0.05312499999999998 0.07583400000000011
