0 0.14531646705710102 0.8832421875 0.261726 0.17937499999999995
0 0.11629706149341142 0.6883984375 0.04878 0.030625000000000013
0 0.18008606149341141 0.7765625 0.048781000000000005 0.01749999999999996
0 0.3754365768667643 0.8604296875 0.05909899999999997 0.038124999999999964
0 0.4036928345534407 0.81578125 0.06472800000000001 0.04062500000000002
0 0.42744344802342604 0.32265625 0.05722299999999998 0.03937500000000005
0 0.43014319033674964 0.917421875 0.05159499999999995 0.02749999999999997
0 0.42300690190336754 0.5238671875 0.020638 0.022499999999999964
0 0.5026037057101025 0.27328125 0.06378999999999994 0.04062500000000002
0 0.4907774172767203 0.668125 0.032832999999999994 0.032500000000000084
0 0.49370567496339673 0.4814453125 0.038461000000000016 0.02562500000000001
0 0.5146153499267936 0.33640625 0.07692300000000009 0.04062499999999997
0 0.5102930614934115 0.7411328125 0.04690399999999994 0.04125000000000001
0 0.5322809326500731 0.4875 0.04596600000000004 0.03250000000000003
0 0.5823589267935579 0.8790625 0.13602299999999998 0.203125
0 0.5602395768667643 0.6691796875 0.05909900000000001 0.03749999999999998
0 0.6001647057101025 0.38875 0.06379000000000003 0.03250000000000003
0 0.66923321522694 0.095703125 0.16416500000000003 0.191875
0 0.6639547057101025 0.6965234375 0.061914 0.030625000000000013
0 0.7243344787701318 0.458515625 0.08161299999999996 0.05249999999999999
0 0.727630448023426 0.7154296875 0.05628600000000006 0.03749999999999998
0 0.7408777057101024 0.3227734375 0.06379000000000003 0.030625000000000013
0 0.7627964787701318 0.361015625 0.07973700000000002 0.05125000000000002
0 0.7702563191800879 0.654296875 0.053471000000000074 0.02749999999999997
0 0.7706691903367495 0.626640625 0.05159400000000007 0.020000000000000018
0 0.7849677057101025 0.4066015625 0.06378999999999986 0.03437499999999999
0 0.8072541903367496 0.378046875 0.05065700000000006 0.02749999999999997
0 0.872323963396779 0.698671875 0.06941899999999986 0.02749999999999997
