2 0.3984776875 0.3939872903225807 0.19468399999999997 0.29225400000000007
2 0.475433875 0.4560117302052786 0.8405 0.914319
2 0.133250625 0.23525470674486804 0.145426 0.25234700000000004
2 0.2003025625 0.11906739882697946 0.12744299999999997 0.21830999999999998
2 0.227065375 0.42717464222873897 0.168881 0.18779400000000002
2 0.2718286875 0.6407867448680352 0.16262700000000002 0.20070399999999994
2 0.30016750000000003 0.19741412316715545 0.173573 0.21478799999999998
2 0.4305254375 0.13138315542521994 0.21813900000000003 0.246479
2 0.420963625 0.6569157771260997 0.17748199999999997 0.232394
2 0.5321941875 0.7848497771260997 0.14698999999999995 0.23356800000000003
2 0.567174375 0.4239158416422287 0.16810000000000003 0.298122
2 0.6334313125 0.6686420850439883 0.182956 0.2687800000000001
2 0.6316765 0.1466275659824047 0.17279100000000003 0.293427
2 0.7503396875 0.49993784750733133 0.13135299999999994 0.21244200000000002
2 0.7952680625 0.26663884164222873 0.20562899999999995 0.296948
2 0.765776625 0.07713095601173021 0.144644 0.139671
