2 0.12445095168374817 0.7241796875 0.251407 0.1625000000000001
2 0.20497803806734993 0.6940625 0.412758 0.203125
2 0.07549431332357247 0.3874609375 0.143528 0.10749999999999998
2 0.07549431332357247 0.387265625 0.145404 0.11375000000000002
2 0.11448244216691068 0.6268359375 0.149156 0.07687500000000003
2 0.08991580380673499 0.338125 0.041276 0.03187499999999999
2 0.16500696339677892 0.3915234375 0.06848 0.06187499999999996
2 0.2841093074670571 0.704296875 0.23546000000000003 0.15374999999999994
2 0.4185539209370424 0.5426562500000001 0.227955 0.13437499999999997
2 0.4848084304538799 0.52875 0.32832999999999996 0.18812500000000004
2 0.4555949516837481 0.4828125 0.251408 0.11125000000000007
2 0.4913389882869692 0.3876171875 0.18198900000000004 0.05312499999999998
2 0.5212437306002928 0.338125 0.17729799999999993 0.06312499999999999
2 0.6809038726207907 0.8516796875 0.47467200000000004 0.2875
2 0.5534805036603221 0.3559765625 0.19512200000000007 0.065
2 0.6005169824304539 0.8578125 0.27392099999999997 0.203125
2 0.5763891537335285 0.5195703125 0.118199 0.05812499999999993
2 0.7603596939970718 0.893359375 0.24577800000000002 0.16875000000000007
2 0.7837857554904832 0.783203125 0.2917449999999999 0.12937500000000002
2 0.7785514055636896 0.608984375 0.21576 0.13687499999999997
2 0.8372999150805271 0.62640625 0.31801199999999996 0.1968749999999999
2 0.8595422401171303 0.42859375 0.2786119999999999 0.11812499999999998
2 0.8026956691068814 0.4297265625 0.13133199999999998 0.06624999999999998
2 0.8586129575402635 0.4581640625 0.15947400000000003 0.08187499999999998
2 0.9132494729136165 0.58359375 0.17073199999999986 0.08750000000000002
2 0.9190618286969252 0.652421875 0.15759900000000004 0.09062499999999996
2 0.9047191537335285 0.4139453125 0.118199 0.08875
2 0.9836842884333821 0.4378125 0.03001899999999998 0.04812500000000003
