1 0.3271479375 0.626562 0.139063 0.125
1 0.155859875 0.559375 0.05937399999999998 0.09531300000000009
1 0.27109425 0.30859325 0.165625 0.103126
1 0.226952625 0.6216796875 0.051563 0.03749999999999998
1 0.2513666875 0.5796875 0.037500000000000006 0.04843799999999998
1 0.3099604375 0.5099614375 0.09218799999999999 0.09218700000000002
1 0.3765625 0.3140625 0.07968799999999998 0.07968799999999998
1 0.3970708125 0.544921375 0.07343700000000003 0.07499999999999996
1 0.455859375 0.246484375 0.1375 0.07499999999999998
1 0.4732426875 0.17109325 0.09999999999999998 0.07031299999999999
1 0.4771489375 0.4955073125 0.07656200000000002 0.057813
1 0.488671875 0.363671375 0.09062500000000007 0.07500099999999998
1 0.5507807499999999 0.42265575 0.14843800000000001 0.08750000000000002
1 0.542578125 0.593359375 0.06718800000000003 0.07499999999999996
1 0.580078625 0.5435546875 0.114062 0.06874999999999998
1 0.569921875 0.038671875 0.09062499999999996 0.059375000000000004
1 0.6205078125 0.4580073125 0.10468699999999997 0.08906300000000006
1 0.6142578125 0.2990234375 0.073438 0.12343799999999999
1 0.632421875 0.11367237499999999 0.09062499999999996 0.10624900000000001
1 0.626172375 0.58125 0.07499900000000004 0.06406199999999995
1 0.6939448125 0.2748041875 0.042188 0.084375
1 0.721875 0.10078175 0.03125 0.0875
1 0.748047375 0.31328075 0.07499900000000004 0.08750000000000002
1 0.7453125 0.465625 0.04843699999999995 0.12656300000000004
1 0.810546375 0.27636768749999996 0.043749999999999956 0.07031200000000001
