2 0.8908336666666666 0.6301953125 0.20916599999999988 0.1818749999999999
2 0.05078125 0.090625 0.103333 0.063125
2 0.05078125 0.49703125 0.103333 0.19624999999999998
2 0.053385416666666664 0.2908203125 0.108333 0.05812499999999998
2 0.13802083333333334 0.335 0.276667 0.12687499999999996
2 0.08776008333333334 0.168359375 0.15916700000000003 0.07499999999999998
2 0.21609408333333335 0.50875 0.285 0.21875000000000006
2 0.1469795 0.1143359375 0.14083299999999999 0.07687500000000001
2 0.5403128333333334 0.1220703125 0.6833329999999999 0.245625
2 0.2875003333333333 0.2787109375 0.16833299999999998 0.076875
2 0.37880175 0.7490625 0.33666700000000005 0.2975
2 0.4347399166666666 0.9719921875 0.21666599999999994 0.053749999999999964
2 0.50421875 0.3506640625 0.275833 0.11249999999999999
2 0.62088575 0.7687890625 0.27583300000000005 0.26812499999999995
2 0.80723925 0.37117187500000004 0.38333400000000006 0.34124999999999994
