2 0.1845703125 0.1089820359281437 0.37 0.220092
2 0.3348046875 0.4551774311377245 0.16250000000000003 0.21625699999999998
2 0.31875 0.5832744011976048 0.09500000000000003 0.10276100000000006
2 0.302421875 0.36586223952095803 0.05874999999999997 0.120398
2 0.334453125 0.2676401497005988 0.09812499999999996 0.175613
2 0.4028515625 0.281622245508982 0.19062500000000004 0.224694
2 0.42125 0.6156418502994012 0.156875 0.2254609999999999
2 0.41453125 0.12889823952095808 0.07187499999999997 0.12039899999999999
2 0.4628125 0.4064017065868264 0.14124999999999993 0.15490799999999993
2 0.4773046875 0.5637463592814371 0.16375000000000006 0.1809820000000001
2 0.4521875 0.7739842155688622 0.11062500000000003 0.10966300000000005
2 0.4894921875 0.09236254491017964 0.11562499999999998 0.172546
2 0.5066796874999999 0.2706750299401197 0.10062500000000002 0.11656500000000006
2 0.5555859375000001 0.7616635988023953 0.17187499999999994 0.30061399999999994
2 0.64640625 0.630033754491018 0.19625000000000004 0.17868099999999995
2 0.60140625 0.49441261077844306 0.10187499999999994 0.10659500000000006
2 0.6327734375 0.2421012874251497 0.12312499999999993 0.14570599999999997
2 0.6611328125 0.11173328742514971 0.10499999999999998 0.145706
2 0.684453125 0.7875045868263473 0.09937499999999999 0.09432499999999992
2 0.690078125 0.3772182634730539 0.09937499999999999 0.13343499999999994
2 0.733046875 0.2354208263473054 0.15375000000000005 0.21319100000000005
2 0.7621875 0.6810059461077845 0.17374999999999996 0.275306
2 0.7783203125 0.4456483592814371 0.181875 0.18021500000000004
2 0.762265625 0.12602998203592813 0.11375000000000002 0.092792
2 0.8759375 0.449567245508982 0.23562499999999997 0.223927
2 0.8344140625 0.24175556886227545 0.11187499999999995 0.18558299999999997
2 0.8799609375 0.6092014251497007 0.10749999999999993 0.11349699999999993
2 0.8946875 0.3153952155688623 0.109375 0.10812900000000003
