1 0.5255468750000001 0.6088545 0.09000000000000002 0.11166600000000004
1 0.019921875 0.96984375 0.028125000000000004 0.055000000000000014
1 0.0299609375 0.9178128333333334 0.045 0.058333000000000045
1 0.0760546875 0.9696354166666667 0.0375 0.04499999999999993
1 0.0763671875 0.7838024166666666 0.023124999999999993 0.045000000000000075
1 0.0866796875 0.7479684166666667 0.03874999999999999 0.04666699999999994
1 0.0886328125 0.9039065833333334 0.042499999999999996 0.05166599999999999
1 0.128359375 0.9368232500000001 0.04375000000000001 0.07166599999999985
1 0.1341796875 0.7416663333333333 0.03875000000000001 0.04416699999999999
1 0.1301171875 0.9798961666666667 0.022500000000000006 0.03750000000000009
1 0.1423046875 0.6961458333333334 0.03875000000000001 0.058333000000000045
1 0.178125 0.9607809166666668 0.03312499999999999 0.061666999999999916
1 0.182578125 0.9126045 0.036250000000000004 0.04833299999999996
1 0.1828515625 0.7933333333333333 0.03375 0.044167000000000144
1 0.1826953125 0.7523961666666666 0.02562499999999998 0.03833300000000003
1 0.2134765625 0.9754684166666667 0.03375 0.04583400000000001
1 0.217421875 0.9364583333333334 0.02812500000000001 0.07333299999999987
1 0.2235546875 0.7738024166666667 0.03875000000000001 0.04666599999999995
1 0.236796875 0.9802600833333334 0.028124999999999983 0.03583400000000007
1 0.2503125 0.8266149166666666 0.04749999999999999 0.061666000000000075
1 0.259765625 0.90317675 0.051875000000000004 0.05500000000000016
1 0.28515625 0.9882815833333334 0.03999999999999998 0.020000000000000018
1 0.2862890625 0.82567675 0.019374999999999976 0.055000000000000014
1 0.2991015625 0.94625 0.03375 0.0625
1 0.30453125 0.5085940833333333 0.040000000000000036 0.035833000000000004
1 0.304375 0.4638024166666666 0.03125 0.046666000000000096
1 0.30546875 0.538125 0.023749999999999993 0.03250000000000005
1 0.3088671875 0.41234375 0.023125000000000007 0.05666699999999995
1 0.337734375 0.905417 0.04375000000000001 0.06333299999999993
1 0.35515625 0.42958366666666664 0.03999999999999998 0.022499999999999964
1 0.3501171875 0.4535940833333334 0.023125000000000007 0.03583299999999993
1 0.3945703125 0.90588575 0.026874999999999982 0.025832999999999995
1 0.39875 0.9722395833333334 0.03125 0.04999999999999997
1 0.4422265625 0.9135934166666666 0.03375 0.07750000000000012
1 0.4479296875 0.9775003333333334 0.03875000000000001 0.04249999999999998
1 0.5259375 0.9454163333333333 0.07937500000000003 0.10583400000000005
