1 0.0248828125 0.4099180614934114 0.041874999999999996 0.04971799999999995
1 0.1647265625 0.469517251830161 0.065 0.09849900000000006
1 0.16859375 0.5483421903367497 0.05500000000000002 0.05159499999999995
1 0.16984375 0.9429785768667642 0.024375000000000008 0.06097600000000002
1 0.21359375 0.5125549941434846 0.056249999999999994 0.09286999999999998
1 0.2454296875 0.7621560922401173 0.03875000000000001 0.07129399999999993
1 0.2708203125 0.9392265768667643 0.026874999999999982 0.05909899999999993
1 0.3169921875 0.5238379326500732 0.02312499999999995 0.04409000000000001
1 0.3585546875 0.9791075461200586 0.06937499999999996 0.037523999999999925
1 0.365 0.46160038067349923 0.0625 0.10131299999999999
1 0.4745703125 0.53724360761347 0.05750000000000005 0.08255099999999994
1 0.5062890625 0.5479303191800879 0.018125000000000002 0.05347099999999991
1 0.5212109375 0.9867969019033674 0.04499999999999993 0.022514000000000034
1 0.575234375 0.5475184480234261 0.04375000000000007 0.05722299999999998
1 0.685 0.9818082884333822 0.03187499999999999 0.03189499999999993
1 0.9524609375 0.9927235153733529 0.014374999999999916 0.01219499999999991
