2 0.2865625 0.32053480392156863 0.11125000000000002 0.149791
2 0.0576171875 0.06666666666666667 0.11625 0.134728
2 0.06640625 0.3744466797385621 0.133125 0.23012599999999997
2 0.150390625 0.805545862745098 0.301875 0.385774
2 0.1708984375 0.37263649673202615 0.341875 0.476987
2 0.1796875 0.07712418300653595 0.36 0.155649
2 0.0688671875 0.21656104575163398 0.11562499999999999 0.13974899999999998
2 0.1265234375 0.5178110784313725 0.15437499999999998 0.18075300000000002
2 0.1155078125 0.35406247712418304 0.104375 0.13221700000000003
2 0.1751953125 0.23354954248366014 0.18249999999999997 0.21506299999999995
2 0.12046875 0.058823529411764705 0.055624999999999994 0.119665
2 0.1840625 0.40479633986928104 0.109375 0.11548099999999999
2 0.1939453125 0.07450980392156863 0.12000000000000002 0.150628
2 0.26558593750000004 0.4719938366013072 0.13875 0.192469
2 0.29402343750000004 0.048366013071895426 0.12312500000000001 0.097071
2 0.396640625 0.8853281633986929 0.11499999999999999 0.2100419999999999
2 0.5140234375 0.7986928104575164 0.3425 0.399163
2 0.41171875 0.6846502156862746 0.11812499999999998 0.19748900000000003
2 0.5168359375 0.3735828431372549 0.3275 0.441004
2 0.44828125 0.054901960784313725 0.13374999999999998 0.112134
2 0.4703515625 0.862373320261438 0.09687500000000004 0.1707109999999999
2 0.48734375 0.7284326143790849 0.08749999999999997 0.14644400000000005
2 0.510234375 0.027450980392156862 0.07437499999999997 0.05523
2 0.5238671875 0.6539615816993465 0.08500000000000002 0.1071129999999999
2 0.544453125 0.7793752352941176 0.06812499999999999 0.14309599999999997
2 0.57796875 0.06431471895424837 0.11812499999999992 0.122176
2 0.5587109375 0.903230202614379 0.07687500000000003 0.1012550000000001
2 0.5996875 0.6661467712418301 0.109375 0.10795
2 0.6224609375 0.0457516339869281 0.13875000000000004 0.09205
2 0.6209765625 0.927858045751634 0.12875000000000003 0.13974900000000007
2 0.6051171875 0.787535477124183 0.08562500000000006 0.13305399999999995
2 0.843671875 0.8031392418300654 0.31000000000000005 0.390795
2 0.852734375 0.3681463267973856 0.29312499999999997 0.42008400000000007
2 0.7688671875 0.06013071895424837 0.08437499999999998 0.121339
2 0.8526171875 0.28146723529411766 0.11624999999999996 0.142259
2 0.8821484375 0.06535947712418301 0.15437499999999993 0.131381
2 0.930078125 0.07320261437908497 0.13 0.14728
