2 0.2033996875 0.25623 0.10130700000000001 0.156862
2 0.2736415 0.43349175 0.11111099999999999 0.08660099999999998
2 0.345499125 0.097133125 0.129085 0.13071899999999997
2 0.3830619375 0.289585625 0.138888 0.14542499999999997
2 0.478056125 0.82095075 0.19280999999999998 0.1503270000000001
2 0.51488475 0.902330625 0.243464 0.14542499999999992
2 0.4377746875 0.394875625 0.07026100000000002 0.11437900000000001
2 0.480124375 0.216771625 0.13725499999999996 0.11437899999999998
2 0.477571375 0.07401475 0.106209 0.086601
2 0.5918160625 0.3765633125 0.17483700000000002 0.12091599999999997
2 0.572980625 0.1567095 0.11437900000000001 0.078431
2 0.6216239375 0.1020735 0.138888 0.109477
2 0.6716003125 0.8039149375 0.151961 0.16993500000000006
2 0.70493775 0.2618268125 0.150327 0.135621
2 0.7197780625 0.1132105625 0.08169899999999997 0.09640599999999999
2 0.7869750625 0.4245875625 0.143791 0.12745099999999998
2 0.76228025 0.124706125 0.07189599999999996 0.066994
2 0.8357526875 0.3021345 0.10130700000000004 0.07843100000000003
