2 0.099609375 0.7891469912434326 0.199375 0.4163859999999999
2 0.4990234375 0.4991243432574431 0.999375 0.9988779999999999
2 0.148203125 0.6350659159369527 0.255 0.37037099999999995
2 0.227890625 0.9162057338003502 0.30124999999999996 0.16498399999999994
2 0.28218750000000004 0.24845224518388792 0.29874999999999996 0.42873200000000006
2 0.2780859375 0.4998182609457093 0.2025 0.48372600000000004
2 0.28796875 0.047285464098073555 0.21187499999999998 0.097643
2 0.4853125 0.598618772329247 0.29750000000000004 0.7485970000000001
2 0.5198046875 0.18388791593695272 0.2881250000000001 0.368126
2 0.601171875 0.9496424640980736 0.18437499999999996 0.09652099999999991
2 0.6508203125 0.282012765323993 0.1193749999999999 0.278339
2 0.7233984375 0.7741121260945709 0.24812500000000004 0.448934
2 0.79125 0.37289414535901927 0.34375 0.7407410000000001
2 0.8998828125 0.8324124676007004 0.198125 0.331089
