0 0.88765625 0.8747916666666667 0.19562499999999994 0.24083299999999985
0 0.154921875 0.33817708333333335 0.15250000000000002 0.22250000000000003
0 0.5538671875000001 0.17598958333333334 0.179375 0.23750000000000002
0 0.6469921875 0.8801565833333332 0.17937500000000006 0.23750000000000013
0 0.6850390625 0.3395836666666667 0.20562499999999995 0.273333
0 0.7157421875 0.6720309166666666 0.1781250000000001 0.24750000000000005
0 0.745234375 0.9141663333333333 0.10562499999999997 0.16833400000000007
0 0.8244140625 0.4922916666666666 0.17437499999999995 0.24083300000000007
0 0.9031640625 0.2681246666666666 0.17437499999999995 0.24
0 0.9641796875 0.5179170000000001 0.06937499999999996 0.18916600000000003
