2 0.068359375 0.4357426875 0.1375 0.22499899999999995
2 0.1015625 0.2166010625 0.203125 0.33125
2 0.1796875 0.8427734375 0.359375 0.31093800000000005
2 0.1962890625 0.5400385624999999 0.39375 0.378126
2 0.1732421875 0.087890625 0.27343700000000004 0.176563
2 0.2318359375 0.2796875 0.10781199999999999 0.173438
2 0.385547375 0.26484325 0.2937489999999999 0.38281299999999996
2 0.4365229375 0.087890625 0.357813 0.176563
2 0.4130864375 0.8076176875 0.27968699999999996 0.3812500000000001
2 0.6318364375000001 0.490234375 0.46874999999999994 0.35624999999999996
2 0.6427734375 0.83671825 0.31093699999999996 0.32187600000000005
2 0.68515575 0.18203075 0.30625100000000005 0.33593799999999996
2 0.8500005 0.758203125 0.296875 0.379688
2 0.8609375 0.22168018750000001 0.234375 0.396874
2 0.89296875 0.3951176875 0.21093800000000007 0.38125
