0 0.26839843750000003 0.401090065934066 0.12312500000000001 0.13359399999999996
0 0.4605078125 0.3411172161172161 0.60375 0.43281299999999995
0 0.34796875 0.3843201733821734 0.3675 0.346875
0 0.393359375 0.8215990708180708 0.10562499999999997 0.1421880000000001
0 0.479296875 0.7735271672771672 0.2775 0.33515599999999995
0 0.4047265625 0.6906390586080585 0.09625 0.11875000000000002
0 0.470703125 0.7621260683760683 0.09937499999999999 0.13906200000000005
0 0.4898828125 0.8791170634920635 0.104375 0.1289059999999999
0 0.4991796875 0.6660790598290598 0.09999999999999992 0.12031200000000014
0 0.565234375 0.7750660695970697 0.10687500000000005 0.14140599999999998
0 0.66015625 0.587079076923077 0.13437500000000002 0.15624999999999992
0 0.7085546875 0.749434083028083 0.13187500000000008 0.16640600000000003
0 0.7908203125 0.6156440781440781 0.11937500000000001 0.15781200000000012
