1 0.01171875 0.5521783838630806 0.024375 0.046949000000000025
1 0.0700390625 0.3991547921760391 0.081875 0.08372500000000001
1 0.082109375 0.9440982982885086 0.075625 0.08294199999999996
1 0.15535156249999998 0.5619583349633251 0.065625 0.06729300000000009
1 0.19921875 0.15071874327628362 0.08625 0.104851
1 0.2348828125 0.5221977677261614 0.07249999999999998 0.09311499999999993
1 0.2601953125 0.5993698044009781 0.057499999999999996 0.08059500000000001
1 0.3417578125 0.5632767188264058 0.073125 0.11345899999999999
1 0.3373828125 0.48713429828850857 0.04249999999999998 0.0821589999999999
1 0.3816015625 0.8195873105134475 0.06625000000000003 0.07746499999999995
1 0.411953125 0.06318082885085574 0.06687500000000002 0.070423
1 0.48 0.12489674327628363 0.09499999999999997 0.104852
1 0.5892578125 0.31499029828850855 0.07250000000000001 0.08294199999999999
1 0.5894921875 0.8572432982885085 0.053749999999999964 0.08137800000000008
1 0.6634765625 0.5301207555012225 0.06562500000000004 0.09780900000000002
1 0.8130859375 0.12978671882640588 0.07687500000000003 0.11345899999999999
