0 0.4101953125 0.7879690833333334 0.11937499999999995 0.13000000000000003
0 0.0166015625 0.36526041666666664 0.035 0.07750000000000001
0 0.0625 0.18781283333333332 0.125625 0.18416599999999997
0 0.07515625000000001 0.5976565833333334 0.10249999999999998 0.11249999999999998
0 0.1287890625 0.06494758333333334 0.019375000000000003 0.01916699999999999
0 0.1532421875 0.18442708333333335 0.023125000000000007 0.035833000000000004
0 0.1650390625 0.12244758333333333 0.019375000000000003 0.019167000000000007
0 0.1696875 0.09421875 0.017500000000000016 0.024166999999999994
0 0.2064453125 0.2966149166666667 0.05687499999999998 0.060833000000000026
0 0.544375 0.44755174999999997 0.7206250000000001 0.399167
0 0.20171875 0.25124966666666665 0.024375000000000008 0.02083399999999998
0 0.2266796875 0.2596354166666666 0.037500000000000006 0.045000000000000005
0 0.25777343750000004 0.6336979166666666 0.09187500000000001 0.12416699999999999
0 0.2658203125 0.3316149166666667 0.05812500000000004 0.06000000000000002
0 0.25679687500000004 0.21989616666666667 0.028124999999999983 0.03749999999999998
0 0.34390625 0.6707288333333333 0.10249999999999998 0.12083400000000004
0 0.3498828125 0.22416633333333336 0.04250000000000004 0.041666999999999975
0 0.354921875 0.14755175 0.02812500000000001 0.025833999999999985
0 0.44484375 0.6906246666666668 0.08750000000000002 0.11666699999999992
0 0.5081249999999999 0.18869824999999998 0.033125000000000016 0.04083300000000001
0 0.6458203125 0.19255175 0.026874999999999982 0.02416700000000001
