2 0.27578125 0.6273393105335158 0.19625 0.17250399999999988
2 0.28218750000000004 0.49210429958960333 0.141875 0.17775900000000006
2 0.321328125 0.3163152558139535 0.12937499999999996 0.187391
2 0.36765625 0.4419743433652531 0.10249999999999998 0.16549899999999998
2 0.3819921875 0.21835440902872777 0.08562499999999995 0.14886200000000002
2 0.3908984375 0.548480584131327 0.09250000000000003 0.10420299999999992
2 0.4205859375 0.7012773214774283 0.10749999999999998 0.17075300000000002
2 0.4257421875 0.6234003980848153 0.11625000000000002 0.15148899999999996
2 0.44453125 0.3662885075239399 0.133125 0.125218
2 0.4387109375 0.2563914199726402 0.10749999999999998 0.14535900000000004
2 0.47796875 0.4390733105335157 0.14999999999999997 0.174255
2 0.478828125 0.17319706976744184 0.13062500000000005 0.234676
2 0.4747265625 0.5572904856361149 0.06499999999999995 0.12872100000000003
2 0.4943359375 0.6372526935704513 0.07687499999999997 0.07880899999999999
2 0.5323828125000001 0.29152639808481534 0.10499999999999993 0.15061299999999997
2 0.5355859375 0.43081247469220246 0.10812499999999997 0.13134800000000005
2 0.5764453125 0.6802094199726402 0.12 0.14535900000000002
2 0.59953125 0.35616034336525304 0.10250000000000004 0.16462299999999994
2 0.6330078125 0.49528036525307795 0.135625 0.159369
2 0.6256640625 0.2328044965800274 0.11187500000000006 0.126971
2 0.6869140625 0.6394893324213407 0.14437500000000003 0.16812599999999991
2 0.6803125 0.3245305403556772 0.11124999999999996 0.11646299999999993
2 0.701640625 0.4172373871409029 0.11499999999999999 0.15411600000000003
2 0.739765625 0.5122452995896033 0.114375 0.17775799999999994
