2 0.1181640625 0.6968876463223787 0.236667 0.36582100000000006
2 0.117161125 0.27909557746478875 0.224167 0.31108100000000005
2 0.35457031250000004 0.2911883317683881 0.245833 0.440588
2 0.359557625 0.051643192488262914 0.176666 0.105474
2 0.387995125 0.6344208513302034 0.223333 0.296396
2 0.4122529375 0.944834192488263 0.201666 0.10547399999999996
2 0.5394658125 0.8038925086071987 0.19750000000000006 0.2590120000000001
2 0.5645439375 0.3632949201877934 0.23250000000000004 0.34980000000000006
2 0.5256904375 0.15001538497652583 0.124166 0.20694300000000002
2 0.679036125 0.06259780907668232 0.19166700000000003 0.125501
2 0.719870125 0.767790248826291 0.191666 0.329773
2 0.819973625 0.46310004381846637 0.23833399999999993 0.3991990000000001
2 0.857109375 0.8783858920187794 0.20000000000000007 0.23764999999999994
