2 0.9156245 0.615234375 0.11093800000000009 0.07499999999999996
2 0.3466796875 0.8333989375 0.09999999999999998 0.07656199999999991
2 0.3501953125 0.7712885625 0.08906199999999997 0.06562599999999996
2 0.371483875 0.7119145625 0.09062599999999998 0.06562500000000004
2 0.3818364375 0.66328175 0.09218699999999996 0.05624899999999999
2 0.4427734375 0.82265625 0.09218700000000002 0.07187500000000002
2 0.45 0.735937 0.09531200000000001 0.0625
2 0.4458984375 0.1986328125 0.06093699999999996 0.073438
2 0.4576171875 0.66796825 0.08593699999999993 0.07031299999999996
2 0.4693364375 0.62109375 0.09218700000000002 0.05468799999999996
2 0.53359325 0.420702625 0.16562599999999994 0.14531300000000003
2 0.5552734375 0.74140625 0.09218700000000002 0.07187499999999991
2 0.5583984375 0.8187505 0.09218800000000005 0.07968699999999995
2 0.565234375 0.6640625 0.10625000000000007 0.078125
2 0.6537114375 0.2787104375 0.06093699999999991 0.06093800000000002
2 0.6734375 0.307421375 0.04843799999999998 0.043750999999999984
2 0.7310546875 0.423438 0.16249999999999998 0.18906200000000006
2 0.716016125 0.2718745 0.035937 0.04687500000000003
2 0.7228520625 0.2974609375 0.050000000000000044 0.04531199999999996
2 0.7671875 0.2884765625 0.04843799999999998 0.034375000000000044
2 0.767187 0.2685541875 0.03125 0.021875000000000033
2 0.78515575 0.594140625 0.05468799999999996 0.051563000000000025
2 0.81953125 0.5955078125 0.07187499999999991 0.07343700000000009
2 0.8478515625 0.4888676875 0.09687499999999993 0.07031200000000004
2 0.856641125 0.532422375 0.098437 0.043749999999999956
2 0.8654301875 0.55859375 0.08437399999999995 0.05468799999999996
