1 0.6776953125 0.40023631520223146 0.213125 0.30535700000000005
1 0.5914843750000001 0.6677030153417015 0.2 0.30803499999999995
1 0.5461328125 0.8809391115760112 0.10499999999999998 0.23392799999999978
1 0.524921875 0.4415359135285914 0.06000000000000005 0.2723209999999999
1 0.5868359375 0.15481171548117154 0.17062500000000003 0.309821
1 0.7076171875 0.8646395132496513 0.20999999999999996 0.2660710000000002
1 0.6890625 0.03626220362622036 0.14187499999999997 0.075
1 0.781953125 0.1635770139470014 0.1925 0.280357
1 0.89296875 0.8473946136680615 0.21187500000000004 0.2758930000000001
1 0.8886328125 0.3973946136680614 0.1975 0.27589299999999994
1 0.89953125 0.04741980474198047 0.19562500000000005 0.09553600000000001
1 0.9545703125 0.6227859135285913 0.08875 0.27232100000000004
1 0.9581640625 0.17255831520223153 0.08125000000000004 0.305357
