1 0.3402734375 0.6204003382137628 0.18562499999999998 0.257974
1 0.0224609375 0.18970508052708637 0.045625 0.253283
1 0.0712890625 0.048316251830161056 0.144375 0.098499
1 0.0677734375 0.8974598901903368 0.12312499999999998 0.20262699999999995
1 0.126015625 0.5324488535871157 0.176875 0.27110699999999993
1 0.131875 0.22775420937042462 0.1575 0.25703599999999993
1 0.18351562500000002 0.7783411112737919 0.176875 0.27673500000000006
1 0.2239453125 0.1376281112737921 0.181875 0.276735
1 0.229453125 0.4649327920937042 0.129375 0.22513999999999998
1 0.31125 0.3309883689604685 0.189375 0.28236300000000003
1 0.3638671875 0.9299770556368961 0.17812499999999998 0.13789899999999986
1 0.35421875 0.46283599414348464 0.11812499999999998 0.09193299999999997
1 0.4517578125 0.20931676134699853 0.16749999999999998 0.20168899999999998
1 0.46203125 0.8080001171303074 0.16437500000000005 0.18667899999999998
1 0.4306640625 0.020497803806734993 0.080625 0.042214
1 0.497890625 0.4314776266471449 0.20875000000000005 0.28799199999999997
1 0.56140625 0.9177119575402636 0.19687500000000002 0.1604129999999999
1 0.556015625 0.6072491171303076 0.14625 0.18480299999999988
1 0.6273828125 0.7357152401171303 0.1974999999999999 0.280488
1 0.613203125 0.47615334992679353 0.03687499999999999 0.07692300000000009
1 0.68546875 0.1129222767203514 0.18062500000000004 0.21200700000000003
1 0.6776953125 0.5317730248901903 0.057499999999999996 0.1153840000000001
1 0.791015625 0.5526038843338213 0.176875 0.29362099999999997
1 0.7719921875 0.7800155344070279 0.11562499999999998 0.21669800000000006
1 0.8058984375 0.9705954480234261 0.15500000000000003 0.05628499999999992
1 0.813984375 0.15913401317715958 0.16937500000000005 0.296435
1 0.866953125 0.01903367496339678 0.09875 0.040338
1 0.904765625 0.36340849780380674 0.14625 0.28611699999999995
1 0.91453125 0.8399824363103954 0.16500000000000004 0.23827400000000004
1 0.9091796875 0.6087574055636895 0.06874999999999998 0.21388399999999996
1 0.9479296875 0.10688140556368961 0.10125000000000006 0.21576
1 0.9587109375 0.9714191903367495 0.07687500000000003 0.05253300000000002
1 0.97109375 0.3577804978038067 0.055625000000000036 0.2861159999999999
1 0.9753125 0.6200144055636896 0.04749999999999999 0.2157600000000001
