2 0.029947916666666668 0.392890625 0.060833 0.05249999999999999
2 0.044270833333333336 0.4733984375 0.090833 0.12312500000000004
2 0.10677083333333333 0.263671875 0.214167 0.12125000000000002
2 0.13822883333333333 0.3473828125 0.245834 0.104375
2 0.13864583333333333 0.619140625 0.18250000000000002 0.14500000000000002
2 0.19239550000000002 0.493046875 0.205 0.12250000000000005
2 0.25546874999999997 0.68140625 0.21166700000000005 0.13312500000000005
2 0.27947883333333334 0.2390234375 0.18250000000000002 0.12312499999999998
2 0.3426045 0.12746093749999998 0.17250000000000001 0.10875
2 0.3908854166666667 0.4800390625 0.23249999999999996 0.174375
2 0.38286458333333334 0.3859375 0.20749999999999993 0.109375
2 0.41755175000000005 0.6744921875 0.150834 0.1468750000000001
2 0.4477083333333334 0.2548828125 0.13666699999999996 0.073125
2 0.4839583333333333 0.56328125 0.19999999999999996 0.10250000000000004
2 0.48567674999999993 0.314765625 0.18000000000000008 0.114375
2 0.5067190833333334 0.2006640625 0.19166599999999998 0.081875
2 0.5532815833333333 0.759296875 0.268333 0.15375000000000005
2 0.5237496666666667 0.11 0.14750000000000005 0.094375
2 0.5749996666666667 0.440625 0.2100000000000001 0.15687500000000004
2 0.63619825 0.6395703125 0.28916600000000003 0.21375
2 0.6969274166666666 0.3926171875 0.20250000000000012 0.11624999999999996
2 0.7116142499999999 0.3187890625 0.22833400000000004 0.11249999999999999
2 0.64265625 0.1296484375 0.07083299999999992 0.061249999999999985
2 0.7117705 0.17421875 0.1733340000000001 0.056249999999999994
2 0.7312499999999998 0.238984375 0.18916700000000009 0.07499999999999998
2 0.7380732499999999 0.08714843750000001 0.13416600000000015 0.09187499999999998
2 0.7888544999999999 0.4950390625 0.23666600000000004 0.14375
2 0.8628128333333334 0.27171875 0.18249999999999997 0.08749999999999997
2 0.8275524166666667 0.1189453125 0.1091660000000001 0.058124999999999996
2 0.8968746666666666 0.3416015625 0.17750000000000007 0.09749999999999998
2 0.9221878333333332 0.4300390625 0.15250000000000016 0.14374999999999993
2 0.9310413333333334 0.2026171875 0.135834 0.11624999999999999
2 0.9326041666666667 0.725625 0.13166700000000006 0.12625000000000008
2 0.9526038333333333 0.6174609375 0.09083400000000008 0.10750000000000004
