1 0.021022625 0.4579166666666667 0.020638 0.022499999999999964
1 0.037754375 0.3880208333333333 0.013132999999999999 0.027500000000000007
1 0.043536625 0.3280208333333334 0.020637999999999997 0.027500000000000007
1 0.0434595 0.47151041666666665 0.016886000000000005 0.014999999999999977
1 0.0592918125 0.2991145833333333 0.011257000000000003 0.020000000000000018
1 0.06304381249999999 0.4919270833333333 0.011256999999999996 0.035000000000000066
1 0.0734785 0.3866145833333334 0.016885999999999998 0.020000000000000018
1 0.08488975 0.33953125 0.024389999999999995 0.040000000000000036
1 0.0818829375 0.4605208333333333 0.015008999999999995 0.02749999999999993
1 0.0875880625 0.4232291666666667 0.018762 0.03750000000000001
1 0.088411375 0.293125 0.013133000000000006 0.03249999999999997
1 0.109048375 0.4443229166666667 0.013133999999999993 0.030000000000000027
1 0.1137779375 0.33661458333333333 0.015009000000000008 0.01999999999999998
1 0.116553375 0.480625 0.013133000000000006 0.03249999999999997
1 0.1185065 0.3868229166666666 0.016885999999999998 0.030000000000000027
1 0.129840625 0.34833333333333333 0.020638000000000004 0.04249999999999995
1 0.1335165 0.398125 0.016884999999999983 0.03249999999999997
1 0.145003875 0.36703125 0.028143 0.040000000000000036
1 0.1597825 0.23791666666666667 0.016886000000000012 0.022500000000000003
1 0.16744075 0.408125 0.024390999999999996 0.03249999999999997
1 0.1681869375 0.2554166666666667 0.015008999999999995 0.022500000000000003
1 0.1720931875 0.325625 0.022514000000000006 0.03250000000000005
1 0.1804205 0.30682291666666667 0.016884999999999983 0.030000000000000027
1 0.1983591875 0.24932291666666664 0.022514000000000006 0.030000000000000027
1 0.2055566875 0.308125 0.007504000000000011 0.03250000000000005
1 0.2113389375 0.2843229166666667 0.015009000000000022 0.029999999999999954
1 0.227555875 0.2104166666666667 0.028142 0.022499999999999964
1 0.281656375 0.36442708333333335 0.013133999999999979 0.034999999999999996
1 0.3239089375 0.3403125 0.015010000000000023 0.017499999999999922
1 0.3286385 0.39453125 0.016884999999999983 0.03999999999999996
1 0.3447783125 0.3105208333333333 0.026265999999999956 0.027500000000000042
1 0.3579884375 0.40552083333333333 0.030018000000000045 0.027500000000000007
1 0.3618175625 0.3682291666666666 0.033770999999999995 0.03750000000000009
1 0.375927125 0.315625 0.03564700000000004 0.03250000000000005
1 0.3785493125 0.38921875 0.02626600000000001 0.024999999999999984
1 0.3785493125 0.42171875 0.02626600000000001 0.024999999999999984
1 0.4014479375 0.3531250000000001 0.04502799999999996 0.0324999999999999
1 0.405791875 0.3955208333333333 0.028142999999999974 0.027500000000000007
1 0.4105204375 0.44812499999999994 0.030019000000000018 0.03250000000000005
1 0.4162265625 0.3033333333333333 0.033770999999999995 0.04250000000000006
1 0.4280755 0.2591145833333333 0.016884999999999983 0.020000000000000018
1 0.430028625 0.36703125 0.02063799999999999 0.040000000000000036
1 0.4441381875 0.2965104166666666 0.02251399999999998 0.01500000000000005
1 0.456294625 0.3643229166666666 0.02063799999999999 0.0300000000000001
1 0.454264375 0.4397395833333333 0.013133000000000006 0.050000000000000044
1 0.4571940625 0.2682291666666667 0.018762 0.03749999999999998
1 0.471303625 0.380625 0.02063799999999999 0.03250000000000005
1 0.47700975 0.4057291666666667 0.024389999999999967 0.03749999999999994
1 0.4797080625 0.3230208333333333 0.018762 0.02750000000000008
1 0.488035375 0.298125 0.013133999999999979 0.03250000000000005
1 0.5005003125 0.20182291666666666 0.026265999999999956 0.02999999999999999
1 0.5023763125 0.380625 0.026266000000000067 0.03250000000000005
1 0.4964398125 0.2543229166666667 0.011256999999999961 0.030000000000000027
1 0.509135125 0.3144270833333333 0.03564800000000001 0.03500000000000003
1 0.5137104375 0.31322916666666667 0.030019000000000018 0.03750000000000001
1 0.520084625 0.3905208333333334 0.020638000000000045 0.027500000000000007
1 0.5200075 0.28453125 0.016886000000000068 0.04
1 0.5229371875 0.243125 0.022514000000000034 0.03250000000000001
1 0.538846625 0.2708333333333333 0.020637999999999934 0.04249999999999998
1 0.540722625 0.34833333333333333 0.020637999999999934 0.04249999999999995
1 0.5569395625 0.3955208333333333 0.033770999999999995 0.027500000000000007
1 0.5697650625 0.28453125 0.018760999999999917 0.04
1 0.570741625 0.3557291666666667 0.020637000000000016 0.03749999999999994
1 0.5814838125 0.220625 0.04127499999999995 0.03249999999999997
1 0.58551925 0.21302083333333335 0.009380999999999973 0.02749999999999997
1 0.6058738125 0.19432291666666668 0.04127599999999998 0.02999999999999999
1 0.604665875 0.28661458333333334 0.02814300000000003 0.01999999999999998
1 0.606619 0.4234375000000001 0.03189500000000001 0.04749999999999995
1 0.5938475625 0.3154166666666667 0.0037519999999999776 0.022500000000000003
1 0.6035360625 0.380625 0.018761000000000028 0.03250000000000005
1 0.6151005625 0.183125 0.033770999999999995 0.03250000000000001
1 0.616077125 0.2582291666666667 0.035646999999999984 0.03750000000000001
1 0.6186993125 0.2166145833333333 0.02626600000000001 0.020000000000000018
1 0.62116725 0.30921875 0.009381000000000084 0.025000000000000022
1 0.6430893125 0.28453125 0.02626600000000001 0.04
1 0.6391059375 0.18911458333333334 0.015009999999999968 0.020000000000000018
1 0.9138733125 0.3542708333333333 0.058161999999999936 0.09000000000000008
1 0.9646074375 0.27999999999999997 0.061914000000000025 0.12500000000000003
1 0.9586709375 0.40375 0.04502800000000007 0.06500000000000002
1 0.9664834375 0.46947916666666667 0.061914000000000025 0.10000000000000002
