1 0.0283203125 0.9827677565982404 0.0575 0.030018999999999924
1 0.03125 0.5876713489736071 0.0625 0.44277699999999987
1 0.0517578125 0.3874243929618768 0.10375 0.30394
1 0.1279296875 0.13196480938416422 0.2575 0.266417
1 0.2231640625 0.8636718093841642 0.42500000000000004 0.2664169999999999
1 0.283515625 0.14076246334310852 0.33375 0.283302
1 0.4587890625 0.5210617419354838 0.45625 0.7448400000000001
1 0.5572265625 0.8595100850439883 0.31625000000000003 0.268292
1 0.5137109375 0.06451612903225806 0.17124999999999996 0.129456
1 0.671484375 0.3681751700879765 0.29374999999999996 0.536586
1 0.7376953125 0.15395894428152493 0.27625 0.309568
1 0.726875 0.7453794897360703 0.15749999999999997 0.40150099999999994
1 0.9034765625 0.6817957536656892 0.19000000000000006 0.572233
1 0.951875 0.20087976539589442 0.09375 0.403377
