1 0.4292544359726295 0.48578125 0.679175 0.7274999999999999
1 0.024437927663734114 0.3180729166666667 0.050657 0.09249999999999996
1 0.04594330400782014 0.8406249999999998 0.091932 0.2825000000000002
1 0.06647116324535679 0.15947916666666667 0.133208 0.225
1 0.06647116324535679 0.56046875 0.133208 0.33749999999999997
1 0.11908319745845553 0.036458333333333336 0.13696 0.075
1 0.14038257771260998 0.9505729166666667 0.12382800000000001 0.0925000000000001
1 0.18839105669599218 0.8220833333333334 0.17823699999999998 0.22999999999999998
1 0.21312830009775172 0.7128125 0.150094 0.26750000000000007
1 0.19439740664711633 0.4995833333333333 0.10506599999999996 0.10499999999999998
1 0.22950898826979474 0.3480729166666667 0.17073199999999997 0.21750000000000003
1 0.2611367790811339 0.0859375 0.204502 0.1725
1 0.28579398826979474 0.18182291666666664 0.17073199999999994 0.155
1 0.28218323558162267 0.5795833333333333 0.084428 0.22999999999999998
1 0.3109095816226784 0.7833333333333332 0.06754200000000005 0.16750000000000012
1 0.3973084369501466 0.044270833333333336 0.165103 0.09000000000000001
1 0.39210571456500487 0.5361458333333333 0.14071300000000003 0.30749999999999994
1 0.3819363724340176 0.88 0.10131299999999999 0.125
1 0.4293926119257087 0.10791666666666666 0.12757900000000003 0.1475
1 0.4572194750733138 0.9175 0.11257 0.12750000000000009
1 0.5110930566959923 0.5890104166666666 0.17823600000000003 0.26499999999999996
1 0.5067888172043011 0.25 0.15196999999999994 0.12750000000000003
1 0.5582341593352883 0.6535416666666666 0.19136900000000007 0.30250000000000005
1 0.5491203685239492 0.0390625 0.15759900000000004 0.08
1 0.5599352697947215 0.31671875 0.088181 0.15
1 0.6090793343108505 0.12609375 0.15384599999999998 0.11749999999999998
1 0.6139669198435973 0.8976562500000002 0.163227 0.19749999999999993
1 0.6660267145650048 0.3236979166666667 0.14071299999999998 0.24749999999999997
1 0.6606659237536656 0.19286458333333334 0.10694199999999998 0.08249999999999998
1 0.7055837829912024 0.7788541666666666 0.1482179999999999 0.19499999999999998
1 0.6800893040078201 0.6279166666666667 0.09380900000000006 0.27249999999999996
1 0.7481524369501467 0.03125 0.16510299999999994 0.0625
1 0.7710927145650049 0.3753125 0.138836 0.1425
1 0.7338680303030303 0.6942708333333334 0.06191299999999999 0.08999999999999986
1 0.739575064516129 0.9782291666666666 0.06566600000000003 0.03750000000000009
1 0.7315968592375367 0.2271875 0.041276000000000056 0.10999999999999999
1 0.7989195777126099 0.49046875 0.12382700000000002 0.08749999999999998
1 0.8851613646138807 0.23468750000000002 0.21388300000000005 0.23499999999999996
1 0.8823700606060606 0.9193229166666667 0.12195099999999995 0.1550000000000001
1 0.921185714565005 0.05859375 0.14071299999999998 0.1175
1 0.9249387145650049 0.7425 0.14071299999999998 0.25
1 0.926814714565005 0.40479166666666666 0.14071299999999998 0.24000000000000007
1 0.9853851710654936 0.2627083333333333 0.020637999999999972 0.13750000000000004
