2 0.1203125 0.6734732118863049 0.234375 0.4491309999999999
2 0.1066015625 0.2666271912144703 0.19 0.454095
2 0.2019140625 0.21188630490956073 0.33187500000000003 0.425972
2 0.2955078125 0.7788935529715763 0.2925 0.36311000000000004
2 0.288359375 0.5618297080103359 0.199375 0.3250619999999999
2 0.471640625 0.3294830258397933 0.3325000000000001 0.493797
2 0.5328125 0.6161056046511628 0.26625 0.349049
2 0.5428124999999999 0.7874245839793281 0.26687500000000003 0.354839
2 0.7978125 0.20155038759689922 0.359375 0.40363899999999997
2 0.8066015625 0.7043167467700259 0.3474999999999999 0.5649300000000002
2 0.910234375 0.5520679250645995 0.16937499999999994 0.26964400000000005
2 0.9208984375 0.27880082170542636 0.12312500000000004 0.29611200000000004
