1 0.078671875 0.8125001111111111 0.15375 0.34888900000000006
1 0.0855078125 0.3900698888888889 0.16625 0.3100000000000001
1 0.24703125 0.5973607777777779 0.19625 0.36888899999999997
1 0.2625 0.18763844444444444 0.188125 0.32777799999999996
1 0.4426953125 0.3903473333333334 0.18187499999999995 0.32333300000000004
1 0.667265625 0.560207888888889 0.20875 0.37444500000000003
1 0.65734375 0.15625 0.18062500000000004 0.313333
1 0.854921875 0.3613891111111111 0.18499999999999994 0.348889
1 0.8819921875 0.816319 0.20937499999999998 0.345556
1 0.965703125 0.1423611111111111 0.06687500000000002 0.285556
1 0.9857421875 0.5480555555555555 0.022500000000000075 0.23666700000000004
