0 0.090390625 0.8936458333333333 0.14625 0.1825000000000001
0 0.5098828125 0.4986979166666667 0.97875 0.999167
0 0.15703125 0.4920315833333333 0.16562500000000002 0.20666600000000002
0 0.200078125 0.24906216666666667 0.12937500000000002 0.163334
0 0.2202734375 0.675625 0.12312499999999998 0.15833299999999997
0 0.306171875 0.80119825 0.12125 0.16583300000000012
0 0.3144921875 0.4605208333333333 0.11624999999999996 0.15333299999999994
0 0.370703125 0.10546875 0.161875 0.21166699999999997
0 0.4051171875 0.9245836666666666 0.11625000000000002 0.1475000000000001
0 0.413203125 0.5742705 0.12937500000000002 0.17416699999999988
0 0.433125 0.3951045 0.12687500000000002 0.17416599999999996
0 0.44375 0.7577086666666667 0.12624999999999997 0.1774999999999999
0 0.5362890625000001 0.1015625 0.174375 0.205
0 0.560546875 0.8945315833333334 0.15312499999999996 0.20750000000000002
0 0.5780078125 0.3080729166666667 0.16749999999999998 0.21833299999999997
0 0.551484375 0.5262496666666666 0.10687499999999994 0.14583400000000002
0 0.6248046875 0.6891663333333332 0.13187500000000008 0.16833400000000007
0 0.6896484375 0.14166633333333334 0.12374999999999992 0.1675
0 0.715390625 0.549792 0.1150000000000001 0.15833300000000006
0 0.747734375 0.84119825 0.13812500000000005 0.16500000000000004
0 0.7441015625 0.32645799999999997 0.12812499999999993 0.15833399999999997
0 0.84796875 0.4846354166666667 0.14874999999999994 0.16999999999999993
0 0.8921875 0.6704684166666667 0.140625 0.17166699999999993
0 0.919375 0.32182325 0.15812499999999996 0.1975
