1 0.00390625 0.34807415959004395 0.009375 0.02907999999999999
1 0.021914062499999998 0.4805716749633968 0.018125000000000002 0.040337999999999936
1 0.0295703125 0.6191811595900439 0.026874999999999996 0.02907999999999995
1 0.04 0.45419141727672036 0.03125 0.034709000000000025
1 0.052421875 0.6538200614934114 0.028125000000000004 0.04690399999999994
1 0.0589453125 0.6164804172767203 0.026874999999999996 0.03470899999999994
1 0.06441406250000001 0.575091159590044 0.018749999999999996 0.028142000000000056
1 0.06636718750000001 0.8599715461200584 0.023125 0.03658500000000006
1 0.0720703125 0.15851006149341143 0.02562500000000001 0.049718999999999985
1 0.07359375 0.8256734172767203 0.024374999999999994 0.03283399999999997
1 0.08109375 0.1922820614934114 0.024374999999999994 0.046904
1 0.08109375 0.5188493191800879 0.024374999999999994 0.05534700000000003
1 0.0831640625 0.8774969326500732 0.019375000000000003 0.04409000000000001
1 0.0975390625 0.1626749326500732 0.019375000000000003 0.04408999999999999
1 0.1026953125 0.620872803806735 0.02562500000000001 0.042213999999999974
1 0.1071484375 0.5809476749633968 0.030625 0.038461000000000016
1 0.1181640625 0.4352460614934114 0.019375000000000003 0.04971800000000003
1 0.125390625 0.8718679326500732 0.020625000000000004 0.04409000000000001
1 0.13484374999999998 0.7289371595900438 0.024374999999999994 0.028142000000000056
1 0.1351171875 0.3959161595900439 0.02187499999999999 0.029081000000000006
1 0.1375390625 0.11753267496339678 0.01874999999999999 0.04033799999999998
1 0.1414453125 0.43062515959004394 0.02562500000000001 0.029081000000000006
1 0.1439453125 0.5859362884333821 0.026874999999999982 0.030955999999999984
1 0.1487890625 0.7506274172767204 0.019374999999999976 0.03470899999999994
1 0.152265625 0.9156161595900438 0.020625000000000004 0.02814300000000003
1 0.1540625 0.8745686749633969 0.015625 0.038461000000000016
1 0.1582421875 0.3764446749633968 0.021875000000000006 0.04033800000000006
1 0.1600390625 0.8416214172767205 0.019375000000000003 0.033770999999999884
1 0.1631640625 0.5307025461200585 0.01874999999999999 0.03658599999999995
1 0.1634375 0.6090896749633968 0.017499999999999988 0.03846199999999999
1 0.1833203125 0.9241734172767203 0.02687500000000001 0.03470900000000011
1 0.1856640625 0.7337414172767204 0.019375000000000003 0.03470899999999994
1 0.1951953125 0.8896919326500732 0.02562500000000001 0.04409000000000001
1 0.2108984375 0.5656400614934114 0.030624999999999986 0.04784200000000008
1 0.221640625 0.8516418038067349 0.020625000000000004 0.04221400000000006
1 0.2283203125 0.6325416749633969 0.026874999999999982 0.03846199999999999
1 0.236640625 0.6582825461200585 0.020625000000000004 0.03658499999999998
1 0.2419921875 0.5631236749633967 0.022499999999999964 0.03846200000000007
1 0.26382812499999997 0.650891803806735 0.03624999999999998 0.041276
1 0.275390625 0.6983920307467057 0.020625000000000004 0.023451999999999844
1 0.3436328125 0.8531059326500732 0.04249999999999998 0.0459670000000001
1 0.3369140625 0.5971932884333822 0.019374999999999976 0.030956000000000067
1 0.340390625 0.4636866749633968 0.020625000000000004 0.040337999999999936
1 0.3512890625 0.705485159590044 0.019374999999999976 0.02907999999999995
1 0.358125 0.205300803806735 0.03187499999999999 0.042213999999999974
1 0.3582421875 0.6250376749633968 0.023125000000000007 0.04033700000000005
1 0.37359375 0.14215119033674964 0.02437499999999998 0.051594999999999995
1 0.3738671875 0.7215464172767203 0.021875000000000033 0.032832999999999994
1 0.371484375 0.8087884172767205 0.012500000000000011 0.03470899999999994
1 0.3908203125 0.7155055461200586 0.02562500000000001 0.036586000000000035
1 0.396015625 0.7876242884333821 0.02124999999999999 0.03095700000000004
1 0.3968359375 0.8340031595900439 0.015000000000000013 0.027204
1 0.406015625 0.7682229019033675 0.020625000000000004 0.020637999999999917
1 0.4062890625 0.23145354612005858 0.018125000000000002 0.03658499999999998
1 0.4309375 0.5683398038067351 0.01687500000000003 0.042213999999999974
1 0.446015625 0.227814803806735 0.02124999999999999 0.04315199999999999
1 0.452421875 0.46800896339677894 0.02812500000000001 0.06941799999999997
1 0.484296875 0.3335902884333821 0.02812500000000001 0.030957
1 0.4926171875 0.8240259326500732 0.023125000000000007 0.04596599999999996
1 0.5408203125 0.8689396749633969 0.02562500000000001 0.040337999999999936
1 0.54234375 0.8279622884333822 0.024375000000000036 0.03095700000000004
1 0.5771484375 0.24042167496339675 0.030000000000000027 0.04033800000000002
1 0.6002734375 0.2722034172767203 0.030000000000000027 0.03470899999999998
1 0.60375 0.11460441727672036 0.03125 0.03470899999999998
1 0.6044921875 0.3119010307467057 0.02312499999999995 0.025328000000000045
1 0.6214453125 0.3848876749633968 0.026874999999999982 0.03846099999999993
1 0.6406640625 0.3819594172767204 0.01937500000000003 0.03377099999999997
1 0.6566796875 0.708869448023426 0.03874999999999995 0.05722299999999998
1 0.6696484375 0.8020380614934113 0.030625000000000013 0.04878000000000014
1 0.6944140625 0.15340819033674963 0.01937499999999992 0.05065600000000001
1 0.7066796875 0.9331857057101024 0.03875000000000006 0.06285200000000014
1 0.7257421875 0.8443211595900438 0.023125000000000062 0.02814300000000003
1 0.735 0.8831249326500733 0.03187499999999999 0.0450279999999999
1 0.7575 0.5280028038067349 0.03125 0.042213999999999974
1 0.7544921875 0.1795599326500732 0.022499999999999964 0.044091000000000026
1 0.7543359375 0.024890190336749635 0.013749999999999929 0.051594999999999995
1 0.7676953125 0.2949449326500732 0.02562500000000001 0.04409000000000001
1 0.7750390625 0.02361041727672035 0.01937500000000003 0.032833
1 0.7820703125 0.17182741727672035 0.026874999999999982 0.03471
1 0.78078125 0.5013239326500732 0.008750000000000036 0.04596600000000004
1 0.7990234375 0.19527941727672035 0.030624999999999902 0.03471
1 0.8201953125 0.537199448023426 0.026874999999999982 0.056285
1 0.821171875 0.7631641903367495 0.028124999999999956 0.05253300000000002
1 0.821015625 0.4199384480234261 0.020625000000000004 0.058160999999999956
1 0.82671875 0.4448104172767204 0.024375000000000036 0.03471
1 0.834375 0.7260089019033674 0.03125 0.022514000000000034
1 0.8505859375 0.8967840614934114 0.04500000000000004 0.049719000000000006
1 0.8682421875 0.9786956749633968 0.02312499999999995 0.03939999999999988
1 0.886484375 0.7262364172767203 0.012499999999999956 0.03377100000000005
1 0.93484375 0.9281529326500731 0.02375000000000005 0.04596699999999993
