2 0.4859375000000001 0.81148775 0.423148 0.3379620000000001
2 0.07774891666666667 0.5542539166666667 0.15555500000000003 0.24907399999999993
2 0.17931141666666664 0.34707791666666665 0.35740700000000003 0.18518499999999996
2 0.25674175 0.7140625000000002 0.369445 0.330556
2 0.2563944166666667 0.49620975 0.295371 0.21111100000000005
2 0.35497666666666666 0.11527799999999999 0.24074099999999998 0.125926
2 0.42401616666666664 0.30706066666666665 0.22592599999999996 0.17962900000000004
2 0.5428818333333334 0.09473416666666667 0.213889 0.131481
2 0.5630495833333333 0.3901041666666667 0.20740799999999995 0.13148099999999996
2 0.65917275 0.6557866666666666 0.21203699999999995 0.27129700000000007
2 0.7274885000000001 0.2664935 0.20555500000000002 0.17222199999999996
2 0.8659148333333334 0.4001153333333334 0.24537 0.13611199999999998
2 0.888079 0.5403939999999999 0.22036999999999995 0.344444
