1 0.029921875 0.8324744117647058 0.05875 0.14877600000000002
1 0.0579296875 0.9132326470588236 0.10125 0.09039500000000006
1 0.11984375 0.8031798235294118 0.0875 0.09510299999999997
1 0.1609765625 0.9039851176470588 0.09625 0.12146900000000004
1 0.1873828125 0.8212498823529412 0.04125000000000001 0.0809799999999999
1 0.2378515625 0.8836186470588235 0.065 0.13935999999999987
1 0.3950390625 0.19554917647058825 0.050000000000000044 0.058380999999999975
1 0.4025390625 0.06577464705882352 0.04999999999999999 0.088512
1 0.4284765625 0.14257523529411764 0.03437499999999999 0.09227899999999997
1 0.4475 0.08043882352941176 0.03125 0.04614
