2 0.0361328125 0.17578175000000001 0.073437 0.30624999999999997
2 0.05078125 0.4556645625 0.103125 0.253124
2 0.056640625 0.6587885625 0.114063 0.28437500000000004
2 0.0712890625 0.0859375 0.14375 0.173438
2 0.1484375 0.8830078125 0.298438 0.229688
2 0.1341791875 0.28984375 0.209376 0.24374999999999997
2 0.1388676875 0.0234375 0.16406199999999999 0.046875
2 0.1453125 0.6814448125 0.140625 0.229688
2 0.2609375 0.10546875 0.235937 0.2125
2 0.3962895625 0.4916015625 0.31562499999999993 0.28437500000000004
2 0.4853515625 0.403125 0.09687500000000004 0.15625
2 0.6218745 0.2615239375 0.267188 0.234374
2 0.56328125 0.651171375 0.13437499999999997 0.19999999999999996
2 0.7408198125 0.426562 0.417188 0.34375
2 0.62578075 0.0810546875 0.18125100000000005 0.1625
2 0.7998041875 0.78203075 0.396876 0.43125100000000005
2 0.819921375 0.09765625 0.3562510000000001 0.196875
2 0.8537114375 0.19453125 0.24843700000000002 0.16406300000000001
2 0.8906245 0.471483875 0.20312599999999992 0.27812499999999996
2 0.8654301875 0.6490234375 0.14687399999999995 0.12343799999999994
2 0.9404291875 0.6333984375 0.115626 0.18593700000000002
2 0.9638676875 0.360546875 0.06875000000000009 0.153125
