2 0.080078125 0.4190441173020528 0.160625 0.3004690000000001
2 0.10546875 0.770176348973607 0.211875 0.4413139999999999
2 0.1187890625 0.16129032258064516 0.236875 0.323005
2 0.235625 0.9236060586510263 0.25125 0.15023500000000006
2 0.2123046875 0.6686799765395894 0.19499999999999998 0.34272300000000006
2 0.295546875 0.4046357653958944 0.246875 0.40281700000000004
2 0.2915234375 0.04985337243401759 0.155 0.10140800000000001
2 0.419765625 0.7919150791788857 0.30250000000000005 0.3539909999999999
2 0.4634375 0.9515575454545455 0.20500000000000002 0.09295799999999992
2 0.4979296875 0.06334602639296188 0.22562499999999996 0.120188
2 0.5314062500000001 0.5560175659824047 0.226875 0.294835
2 0.5607031250000001 0.23827173313782993 0.28687499999999994 0.36995300000000003
2 0.6635546875 0.7874152903225805 0.22562499999999996 0.291079
2 0.701875 0.932122129032258 0.25125 0.13145500000000007
2 0.7471875 0.0747800586510264 0.26625 0.152113
2 0.8075 0.5856246627565983 0.250625 0.390611
2 0.879765625 0.19501466275659823 0.23875000000000002 0.39248800000000006
2 0.905625 0.8337068739002932 0.1875 0.329577
2 0.946484375 0.4984162140762463 0.10562499999999997 0.39812300000000006
