0 0.095703125 0.7135418333333332 0.192383 0.24609400000000003
0 0.095703125 0.286458 0.193359 0.282552
0 0.0810548125 0.497396 0.134766 0.15755199999999991
0 0.0927734375 0.9153643333333333 0.155273 0.1666669999999999
0 0.09179675 0.08072916666666667 0.149414 0.16276
0 0.20605443750000002 0.4374998333333333 0.21777399999999997 0.277344
0 0.217773875 0.8619786666666668 0.21582 0.2721359999999999
0 0.224609875 0.07942708333333333 0.15429600000000002 0.161458
0 0.230469 0.12890641666666666 0.158203 0.075521
0 0.25781224999999997 0.3450520000000001 0.132813 0.18880199999999994
0 0.255859 0.7304686666666668 0.125 0.14713599999999985
0 0.30273425 0.013020833333333334 0.039063000000000014 0.026042
0 0.4042968125 0.044270833333333336 0.16699200000000003 0.088542
0 0.419922125 0.7161454166666666 0.193359 0.2643229999999999
0 0.42187475 0.1914064166666667 0.180664 0.23177100000000003
0 0.427734125 0.4348955833333334 0.19140699999999994 0.23828199999999988
0 0.4082035625 0.9257814999999999 0.09765600000000002 0.14322899999999997
0 0.4492190625 0.3489581666666666 0.14355399999999996 0.13151100000000002
0 0.5439456874999999 0.90885375 0.22656199999999999 0.17968799999999993
0 0.561523625 0.07421875 0.177734 0.14974
0 0.5800784375 0.276042 0.186523 0.21875000000000003
0 0.5781253125 0.46354200000000007 0.152343 0.15625
0 0.608398125 0.6914064166666666 0.19238299999999997 0.26562499999999994
0 0.591796875 0.8268226666666667 0.15234400000000003 0.115886
0 0.7441406875 0.0742185 0.16308600000000006 0.11197899999999998
0 0.736327625 0.015625 0.144532 0.03125
0 0.773437625 0.24088541666666666 0.20898399999999995 0.2643229999999999
0 0.7998050625 0.654948 0.20605399999999996 0.2838540000000001
0 0.769531375 0.36979200000000007 0.13671900000000003 0.06380199999999991
0 0.7675776875 0.45572966666666664 0.13183599999999995 0.17838499999999993
0 0.806640875 0.8945315833333334 0.18457 0.20703099999999988
0 0.8173828125 0.022135416666666668 0.04101600000000005 0.044271
0 0.8916018125 0.0703125 0.16699199999999992 0.141927
0 0.910156625 0.4622399166666667 0.17675699999999994 0.24739599999999987
0 0.9121091875 0.2669270833333333 0.14648499999999998 0.22395799999999996
0 0.93066425 0.7539065833333334 0.13476500000000002 0.23958299999999996
0 0.9472656875 0.8906248333333334 0.10156200000000004 0.2148439999999998
