1 0.0185546875 0.0146484375 0.038125 0.03
1 0.1099609375 0.15375 0.076875 0.06312500000000001
1 0.1216015625 0.7964453125 0.06625000000000002 0.05812500000000009
1 0.15796875 0.8571484375 0.086875 0.09187499999999993
1 0.1978515625 0.527421875 0.03437500000000002 0.028749999999999942
1 0.2134765625 0.881171875 0.065 0.05999999999999994
1 0.2223828125 0.574765625 0.04125000000000001 0.05125000000000002
1 0.26058593750000003 0.53890625 0.076875 0.07124999999999992
1 0.39578125 0.081875 0.07187500000000002 0.063125
1 0.4489453125 0.5914453125 0.05812499999999998 0.05812499999999998
1 0.65984375 0.83859375 0.05625000000000002 0.05625000000000002
1 0.858984375 0.017578125 0.04437499999999994 0.036875
1 0.88859375 0.4119921875 0.05625000000000002 0.05437500000000001
1 0.92484375 0.4888671875 0.05625000000000002 0.05437499999999995
1 0.940625 0.385078125 0.06437499999999996 0.06812499999999999
