2 0.0087890625 0.9770942489082969 0.01875 0.03726700000000004
2 0.0166015625 0.1728376404657933 0.033333 0.17391299999999998
2 0.02734375 0.7147603056768559 0.05625 0.2204970000000001
2 0.0517578125 0.44835307278020375 0.104167 0.338509
2 0.498046875 0.4978165938864629 0.997917 0.996894
2 0.1353515625 0.1068424730713246 0.220833 0.195652
2 0.171484375 0.9486559344978166 0.23124999999999998 0.09627299999999997
2 0.183463875 0.7010718238719068 0.24791600000000003 0.30434800000000006
2 0.1475908125 0.41720201164483256 0.166667 0.29503100000000004
2 0.26100293750000003 0.25377276273653565 0.13958299999999998 0.2608690000000001
2 0.3298828125 0.4429239097525473 0.197917 0.22360299999999997
2 0.39557325 0.0858806404657933 0.25833300000000003 0.173913
2 0.4246748125 0.2581349053857351 0.29166600000000004 0.36335399999999995
2 0.425 0.6985455298398836 0.25000000000000006 0.37888200000000005
2 0.41380175 0.9253615997088792 0.21249999999999997 0.14285699999999993
2 0.58125 0.4323414279475982 0.25000000000000006 0.30745399999999995
2 0.665495125 0.0858806404657933 0.285416 0.173913
2 0.6744795 0.9020672649199417 0.26666599999999996 0.18944100000000005
2 0.6702470625 0.22019413828238718 0.23750000000000004 0.242236
2 0.684765625 0.6562379505094614 0.208333 0.251553
2 0.806379875 0.40895203202328967 0.24791700000000005 0.31055900000000003
2 0.9008466875 0.9305065793304221 0.1937500000000001 0.130434
2 0.8994140625 0.6740937831149928 0.17500000000000004 0.2763979999999999
2 0.9054033125 0.07860262008733625 0.1833340000000001 0.158385
2 0.9265625 0.3079236360989811 0.1416670000000001 0.31366499999999997
2 0.9455078125 0.5773371382823872 0.10416700000000001 0.242236
