1 0.05859375 0.3845770745920746 0.1175 0.150522
1 0.068359375 0.7933811585081585 0.136875 0.320418
1 0.164453125 0.5639111958041958 0.16125 0.391953
1 0.183359375 0.2201461351981352 0.169375 0.274217
1 0.1724609375 0.8019031118881119 0.10750000000000001 0.22801800000000003
1 0.21234375 0.3848061165501165 0.15000000000000002 0.23547
1 0.26546875000000003 0.6598261724941725 0.0875 0.34873399999999993
1 0.297578125 0.9375600582750582 0.13062500000000002 0.11922500000000007
1 0.34171875 0.44403719813519815 0.18062499999999998 0.397913
1 0.313671875 0.8412620722610723 0.12187500000000001 0.14605099999999993
1 0.356484375 0.7414501095571097 0.16812499999999997 0.22205599999999986
1 0.3376171875 0.7203560675990677 0.11562499999999998 0.13710899999999993
1 0.385 0.1471211351981352 0.125625 0.271236
1 0.4146875 0.9153200792540792 0.14187500000000003 0.1624440000000001
1 0.4111328125 0.7084340675990677 0.073125 0.13710799999999995
1 0.4865234375 0.2514041888111888 0.15437499999999998 0.38003
1 0.4941015625 0.6040351748251748 0.15999999999999998 0.35171399999999997
1 0.4941796875 0.8233790722610723 0.10000000000000003 0.14604999999999993
1 0.5692578125 0.9647290303030303 0.135625 0.0640840000000001
1 0.594609375 0.8838701118881118 0.16812499999999997 0.22652800000000006
1 0.585 0.5456451864801865 0.12687500000000007 0.37555900000000003
1 0.663984375 0.30421518648018653 0.16812500000000008 0.37555900000000003
1 0.6749609375 0.7593331095571096 0.14 0.22354699999999983
1 0.73515625 0.5535171421911422 0.16500000000000004 0.28763099999999997
1 0.7012109375 0.9339290606060605 0.04625000000000001 0.1251870000000001
1 0.7788671875 0.9448200536130535 0.11625000000000008 0.1073030000000001
1 0.8042578125 0.8292251421911423 0.16625 0.28613999999999995
1 0.86203125 0.6307841002331003 0.13312499999999994 0.2011929999999999
1 0.878984375 0.9775690163170163 0.10624999999999996 0.03725799999999997
1 0.8798046875 0.9172300349650349 0.10000000000000009 0.07302600000000009
1 0.8679296875 0.8989640256410255 0.06937499999999996 0.0551420000000001
1 0.9335546875 0.7561231585081586 0.13124999999999998 0.320418
