1 0.1583203125 0.8704684166666666 0.057499999999999996 0.045000000000000075
1 0.3753515625 0.73078125 0.09625 0.10166699999999995
1 0.365 0.04296875 0.06375000000000003 0.086667
1 0.514765625 0.3443225833333334 0.08374999999999999 0.11333399999999998
1 0.5085546875 0.70182325 0.03749999999999998 0.07166600000000001
1 0.5376953125 0.4682288333333333 0.08875 0.12166700000000004
1 0.5929296875 0.08109341666666667 0.06874999999999998 0.076667
1 0.63046875 0.448542 0.08624999999999994 0.09500000000000004
1 0.738125 0.8811982500000001 0.03249999999999997 0.04166600000000006
1 0.79921875 0.8901045 0.02375000000000005 0.048333000000000105
1 0.896171875 0.868958 0.02750000000000008 0.033333999999999975
1 0.92484375 0.9648961666666667 0.05625000000000002 0.03666600000000001
1 0.9803515625 0.8984375 0.03500000000000003 0.04833299999999996
1 0.98296875 0.902292 0.02375000000000005 0.03333300000000013
