1 0.07429130009775171 0.240546875 0.15018799999999996 0.27875
1 0.08895405669599218 0.093046875 0.179599 0.184375
1 0.1495601173020528 0.781171875 0.299124 0.37250000000000005
1 0.17231749364613883 0.4375 0.34230200000000005 0.31437499999999996
1 0.21067464613880743 0.1937890625 0.13141500000000003 0.174375
1 0.2849292922776149 0.0615234375 0.26282900000000003 0.124375
1 0.2931507790811339 0.93203125 0.20525699999999997 0.13375000000000004
1 0.3034090606060606 0.6760546875 0.121402 0.10125000000000006
1 0.46635745943304 0.8077734375 0.338548 0.374375
1 0.5263760566959922 0.07546875 0.1783480000000001 0.14875
1 0.6907107751710655 0.8673828125 0.26157699999999995 0.26125
1 0.7210138054740958 0.2522265625 0.32165200000000005 0.28374999999999995
1 0.7086256725317693 0.0458984375 0.248435 0.091875
1 0.8209104291300098 0.596796875 0.27909799999999996 0.34124999999999994
1 0.9102545395894428 0.123046875 0.17709600000000003 0.2475
1 0.88886757771261 0.9362109375 0.123279 0.10812500000000003
1 0.9478503724340176 0.34828125 0.10137699999999998 0.19625000000000004
1 0.9580231671554252 0.8737109375 0.07697099999999983 0.20187500000000003
1 0.9710504789833821 0.6820703125 0.05569400000000001 0.24562499999999998
