1 0.015625 0.7404296875 0.03125 0.03749999999999998
1 0.045702625 0.7062505 0.051563 0.046875
1 0.0607426875 0.7333989375 0.03749899999999999 0.04531200000000002
1 0.1013676875 0.6982421875 0.037499000000000005 0.05468700000000004
1 0.1208984375 0.7419921875 0.029687000000000005 0.05312500000000009
1 0.151953625 0.70703125 0.051562 0.07031299999999996
1 0.1703125 0.7437495 0.01718799999999998 0.04843800000000009
1 0.201172375 0.7021484375 0.04375000000000001 0.06093800000000005
1 0.2115234375 0.7482426875 0.02968700000000002 0.03749899999999995
1 0.53203125 0.746875 0.07187499999999997 0.06406300000000009
1 0.5697270625 0.7021489375 0.049998999999999905 0.04687400000000008
1 0.6015625 0.7499995 0.046875 0.04687599999999992
1 0.6267573125 0.7107421875 0.057813 0.05312500000000009
1 0.6375 0.7531255 0.03125 0.04843699999999995
1 0.664063 0.7484375 0.03125 0.04843799999999998
1 0.6779301875 0.7068359375 0.05468700000000004 0.04531300000000005
1 0.698046875 0.660937 0.05937500000000007 0.06406299999999998
1 0.721875 0.757421375 0.06406199999999995 0.043751000000000095
1 0.74453175 0.7099609375 0.05624999999999991 0.04531300000000005
1 0.7642573125 0.660937 0.057813 0.0625
1 0.7744145625 0.7531255 0.06562500000000004 0.04843699999999995
1 0.8044916875 0.71484325 0.03750100000000001 0.04062499999999991
1 0.82734375 0.6697260625 0.05468799999999996 0.050000000000000044
1 0.8353520625 0.755858875 0.049998999999999905 0.059374999999999956
1 0.8666020625 0.7216796875 0.049998999999999905 0.03749999999999998
1 0.8810551875 0.6666015625 0.05312399999999995 0.06562499999999993
1 0.8874995 0.757421375 0.04843799999999998 0.043751000000000095
1 0.91484325 0.714063 0.03906299999999996 0.03125
1 0.936328125 0.6705073125 0.067187 0.057813
1 0.9468745 0.7562505 0.04843800000000009 0.046875
1 0.9767578125 0.710938 0.042188 0.0625
1 0.9890625 0.64765675 0.017188000000000092 0.05624899999999999
