1 0.0792578125 0.6564160497803806 0.135625 0.23076899999999992
1 0.1583203125 0.4519831478770131 0.15125 0.20825500000000002
1 0.18992187500000002 0.2713450190336749 0.15375 0.206379
1 0.206328125 0.7331105344070278 0.160625 0.21951300000000004
1 0.1904296875 0.6078982210834554 0.06875 0.07504600000000008
1 0.2817578125 0.5084525036603221 0.10437499999999997 0.19605999999999998
1 0.2925 0.10642537481698389 0.12562500000000001 0.190432
1 0.3410546875 0.8434455402635432 0.16249999999999998 0.1275799999999999
1 0.3066796875 0.2880985402635432 0.06937499999999996 0.12851799999999997
1 0.326875 0.6783597613469985 0.06437499999999996 0.19981299999999994
1 0.3724609375 0.19884034407027817 0.10750000000000004 0.16885499999999998
1 0.375390625 0.3399469941434846 0.083125 0.09193300000000001
1 0.3990625 0.4674751171303075 0.11125000000000002 0.184802
1 0.439765625 0.6572580131771596 0.17687500000000006 0.29831100000000005
1 0.450859375 0.8970125768667643 0.07437499999999997 0.06097500000000005
1 0.5276562499999999 0.3038093074670571 0.16499999999999998 0.236398
1 0.555234375 0.78246182284041 0.2 0.2485929999999999
1 0.56578125 0.4649327920937042 0.13437500000000002 0.22326400000000002
1 0.5882421875 0.9317397979502197 0.17937499999999995 0.1332079999999999
1 0.6430859375 0.5632214978038067 0.2025 0.28611600000000004
1 0.639453125 0.09663250366032211 0.161875 0.19606
1 0.7344921875 0.8015386573938507 0.20999999999999996 0.311445
1 0.7290234375 0.3004691786237189 0.18625000000000003 0.232645
1 0.7827734375 0.4643183440702782 0.12437500000000001 0.16697900000000004
1 0.809921875 0.6252133133235726 0.12187499999999996 0.14446499999999993
1 0.8183984375 0.9642569633967789 0.12312500000000004 0.0675420000000001
1 0.8862109375 0.2369336325036603 0.13874999999999993 0.197936
1 0.92359375 0.745508111273792 0.15000000000000002 0.27673500000000006
1 0.925234375 0.4162660497803807 0.13687499999999997 0.22889300000000004
1 0.9374609375 0.5604670922401171 0.10749999999999993 0.07129499999999998
1 0.9437109375 0.8859052767203514 0.10750000000000004 0.21200700000000003
1 0.977109375 0.21936408638360175 0.04375000000000007 0.16135100000000002
