1 0.4099363125 0.9758512481751825 0.058494999999999964 0.03749999999999983
1 0.4525511875 0.9758512481751825 0.052925 0.03749999999999983
1 0.5088379375000001 0.8758823284671532 0.07799499999999998 0.09583300000000007
1 0.5077176875 0.7954680364963502 0.06963699999999995 0.09999999999999992
1 0.5024018125 0.9718978102189781 0.04178299999999996 0.0458329999999999
1 0.552429375 0.6573293503649635 0.07520899999999997 0.07500000000000008
1 0.5472581875 0.7394160583941605 0.052925 0.07916700000000018
1 0.5598098125 0.9506687664233575 0.07242300000000002 0.0875
1 0.598118625 0.829014598540146 0.08356600000000003 0.10833300000000007
1 0.6021363125 0.44504291240875915 0.05849599999999999 0.08333299999999999
1 0.630136 0.7075429124087591 0.06406699999999999 0.08333299999999999
1 0.6350188125 0.8910884744525547 0.07242300000000002 0.0916670000000001
1 0.6375154375 0.9612837883211678 0.06128200000000006 0.06666599999999996
1 0.6483690625 0.5575429124087592 0.05013999999999996 0.08333299999999999
1 0.6606323125 0.283181598540146 0.05849599999999999 0.10833300000000003
1 0.6689893125 0.8321468686131388 0.058494999999999964 0.125
1 0.6859906875 0.39942247445255474 0.06963699999999995 0.09166599999999997
1 0.69586775 0.32460495620437957 0.05571000000000004 0.04166599999999997
1 0.6976761875 0.1883823284671533 0.052925 0.095833
1 0.711204375 0.5058694963503649 0.07520899999999997 0.07083400000000004
1 0.72263475 0.5746350364963504 0.08635099999999996 0.1
1 0.7163423125 0.9217153284671533 0.05849599999999999 0.0958329999999999
1 0.730414 0.9652372262773723 0.06406699999999999 0.0583329999999999
1 0.7380828125 0.6423357664233577 0.07242300000000002 0.0875
1 0.743509125 0.4090027664233577 0.06685300000000005 0.0875
1 0.7625760625 0.13710495620437957 0.050139000000000045 0.04166599999999999
1 0.7673141875 0.19753649635036497 0.052925 0.07083300000000002
1 0.7751266875 0.7131687664233577 0.06963799999999998 0.08750000000000008
1 0.776936125 0.3031633503649635 0.06685200000000002 0.07500000000000004
1 0.7795774375 0.25066876642335767 0.06128100000000003 0.08750000000000004
1 0.7894545 0.35982393430656934 0.04735300000000009 0.06250000000000004
1 0.7962904375 0.5844278905109489 0.06128100000000003 0.10416699999999993
1 0.795857375 0.979805686131387 0.04456899999999997 0.029165999999999803
1 0.8074324375 0.47816335036496355 0.06128099999999992 0.075
1 0.8130034375 0.09857022627737225 0.06128099999999992 0.058334000000000004
1 0.815933125 0.4112837883211679 0.06685199999999991 0.06666599999999996
1 0.829860125 0.1539845182481752 0.06685300000000005 0.05
1 0.821470875 0.9360702262773721 0.027855999999999992 0.0583340000000002
1 0.8458849375 0.7388074525547446 0.07799499999999993 0.11250000000000009
1 0.8425231875 0.5198293503649635 0.052925 0.075
1 0.8464294375 0.2569042262773723 0.06128100000000003 0.05833299999999994
1 0.8556183125 0.05982393430656934 0.05849599999999999 0.0625
1 0.8556183125 0.3081505182481752 0.05849599999999999 0.05
1 0.871099625 0.6159059927007299 0.083565 0.14166700000000002
1 0.8659284375 0.3531633503649635 0.06128099999999992 0.07500000000000004
1 0.877214125 0.10900276642335768 0.06685300000000005 0.0875
1 0.882785125 0.4239963503649635 0.06685300000000005 0.075
1 0.903116 0.2185830583941606 0.06406699999999999 0.07916599999999999
1 0.9018510625 0.1427308102189781 0.05013999999999996 0.045834000000000014
1 0.9077104375 0.48421532846715326 0.06128199999999995 0.09583299999999999
1 0.91313775 0.016058394160583942 0.05571000000000004 0.033333
1 0.9297060625 0.06338232846715328 0.05013999999999996 0.095833
1 0.9450436875 0.32171532846715334 0.06963699999999995 0.09583299999999999
1 0.9603470625 0.1758823284671533 0.050138999999999934 0.095833
1 0.9767716875 0.07150276642335766 0.03899700000000006 0.08750000000000002
