1 0.052734375 0.3990625 0.106875 0.11125000000000002
1 0.060546875 0.8203125 0.1225 0.23624999999999996
1 0.085390625 0.2865234375 0.145 0.12312500000000001
1 0.0806640625 0.18828125 0.081875 0.071875
1 0.1834375 0.681328125 0.235625 0.22375
1 0.2005859375 0.9221875 0.170625 0.14187499999999997
1 0.1821484375 0.14558593749999998 0.09187499999999998 0.1075
1 0.30851562499999996 0.31242187499999996 0.27 0.24750000000000003
1 0.2951953125 0.16941406250000002 0.151875 0.11312499999999999
1 0.3278515625 0.0915234375 0.15874999999999997 0.0925
1 0.394375 0.7709765625 0.25125000000000003 0.25312499999999993
1 0.4035546875 0.55625 0.19499999999999995 0.18937499999999996
1 0.43453125 0.401875 0.10250000000000004 0.12625000000000003
1 0.417890625 0.0412890625 0.05124999999999996 0.081875
1 0.4562109375 0.1378125 0.10937499999999994 0.11124999999999999
1 0.5392578125 0.9121875 0.26125000000000004 0.17312499999999997
1 0.5657421874999999 0.4793359375 0.24062500000000003 0.23249999999999998
1 0.626328125 0.720078125 0.255 0.255
1 0.56546875 0.022695312500000002 0.08687500000000004 0.026874999999999996
1 0.6205859375 0.1326953125 0.17125 0.151875
1 0.6388671875 0.0224609375 0.05312499999999998 0.045625
1 0.71921875 0.041015625 0.11812500000000004 0.083125
1 0.7924609375 0.8962890625 0.265 0.20562500000000006
1 0.7623828125 0.10328124999999999 0.135 0.13375
1 0.817421875 0.5293749999999999 0.21562500000000007 0.22000000000000003
1 0.8334375 0.7207421875 0.1725 0.17937500000000006
1 0.8522265625 0.207578125 0.12812500000000004 0.13
1 0.89671875 0.13191406249999998 0.11812500000000004 0.11312499999999999
1 0.93984375 0.3681640625 0.11812500000000004 0.174375
1 0.9419140625 0.8646875 0.11312500000000003 0.23624999999999996
1 0.9539453125 0.6578515625 0.08937499999999998 0.19125000000000003
1 0.95296875 0.500703125 0.05625000000000002 0.06687500000000002
