1 0.097567375 0.6753409375 0.075163 0.076797
1 0.096289875 0.9763898125 0.06045800000000001 0.042483999999999966
1 0.28556525 0.574818625 0.19607800000000003 0.17647099999999993
1 0.234540625 0.984259875 0.052288 0.02777799999999997
1 0.4369445625 0.598690375 0.158497 0.16830100000000003
1 0.4185241875 0.8776741875 0.053921 0.053921999999999914
1 0.43619825 0.9934448125 0.04084899999999997 0.009803999999999924
1 0.4430341875 0.934525875 0.053921 0.05882300000000007
1 0.4629613125 0.9666241875 0.05718899999999999 0.022876000000000007
1 0.5728846875 0.6615155625 0.16339899999999996 0.12745099999999998
1 0.7923305 0.6543605 0.08006499999999994 0.11111099999999996
1 0.8605818125 0.6641453125 0.10457499999999997 0.120915
1 0.8847716875 0.934091625 0.10130799999999995 0.11437900000000001
1 0.956048625 0.9219961875 0.08333299999999999 0.11601300000000003
