2 0.0869140625 0.557496954248366 0.174375 0.261925
2 0.095625 0.3288978366013072 0.125625 0.19330499999999995
2 0.156796875 0.14218245751633984 0.153125 0.18744800000000003
2 0.1569140625 0.3835592352941177 0.143125 0.141422
2 0.200546875 0.6613553986928105 0.21625 0.3514649999999999
2 0.2458203125 0.8719341960784314 0.21375000000000002 0.2527189999999999
2 0.19546875 0.48983523529411765 0.08625 0.14309600000000006
2 0.231875 0.2770635424836601 0.15812500000000002 0.21673699999999999
2 0.30167968749999996 0.4345396274509804 0.16375000000000003 0.24435099999999996
2 0.3998046875 0.6596386601307189 0.22625000000000006 0.28619200000000006
2 0.347890625 0.06525509803921568 0.11375000000000002 0.125523
2 0.4163671875 0.8631447124183006 0.21062499999999995 0.271966
2 0.44421875 0.1432818888888889 0.14937500000000004 0.17908000000000002
2 0.4517578125 0.2750237320261438 0.13624999999999998 0.21840999999999994
2 0.43234375 0.02483660130718954 0.08749999999999997 0.051046
2 0.45546875 0.04251398039215686 0.05500000000000005 0.056903999999999996
2 0.56953125 0.47459728104575166 0.22749999999999998 0.28200799999999987
2 0.5528906250000001 0.8017505424836601 0.17624999999999996 0.21506199999999998
2 0.5434375 0.06797385620915032 0.14125 0.137238
2 0.6165625 0.9363850980392158 0.234375 0.12552299999999994
2 0.568359375 0.6540102875816993 0.13749999999999996 0.13054400000000005
2 0.62421875 0.3636233529411765 0.18062499999999992 0.213389
2 0.6415234375 0.21864559477124182 0.186875 0.203347
2 0.5905859375 0.7227933071895425 0.04500000000000004 0.07531400000000006
2 0.7259375 0.863510522875817 0.203125 0.27029299999999995
2 0.7573046875 0.44991973202614377 0.13249999999999995 0.219246
2 0.7565625 0.2692701111111111 0.109375 0.22343099999999996
2 0.8570703125 0.6038390588235295 0.21375 0.2376569999999999
2 0.8891015625 0.39578816339869277 0.19062499999999993 0.20920500000000003
2 0.9234375 0.7821864379084967 0.14187499999999997 0.24100400000000002
2 0.9653515625 0.5909759215686274 0.06625000000000003 0.22175699999999995
2 0.98375 0.43517880392156866 0.03125 0.15062799999999998
