1 0.17669210300429186 0.85078125 0.16151200000000002 0.19624999999999992
1 0.1500851845493562 0.1772265625 0.101719 0.0975
1 0.12103130472103005 0.06375 0.039175 0.095625
1 0.1369578798283262 0.5940625 0.06323000000000001 0.07999999999999996
1 0.15979110729613735 0.4512890625 0.10515500000000001 0.08187499999999998
1 0.1318594592274678 0.3785546875 0.03024099999999997 0.07
1 0.17697410729613733 0.5053125 0.10515400000000003 0.10937500000000006
1 0.21248037339055795 0.077421875 0.14639200000000002 0.1225
1 0.22469814592274676 0.603203125 0.10309300000000002 0.06687500000000002
1 0.22389157081545064 0.3942578125 0.08109999999999999 0.07374999999999998
1 0.2982571802575107 0.1781640625 0.15807600000000002 0.11249999999999999
1 0.25852295708154505 0.470078125 0.05841999999999997 0.06687500000000002
1 0.36841486695278974 0.854921875 0.23161500000000004 0.21562499999999996
1 0.32748910729613734 0.599140625 0.10652899999999996 0.05125000000000002
1 0.3149156094420601 0.3892578125 0.07903699999999994 0.07374999999999998
1 0.37054075536480685 0.4923046875 0.18213100000000004 0.16374999999999995
1 0.3794064506437768 0.0873828125 0.14226799999999998 0.135
1 0.45752471673819745 0.96390625 0.18419199999999994 0.04062500000000002
1 0.4714531802575107 0.1800390625 0.15738799999999997 0.1125
1 0.45683230042918455 0.605 0.09622000000000004 0.06312499999999999
1 0.512838991416309 0.5308203125 0.11271400000000005 0.11937499999999995
1 0.5185541072961373 0.88859375 0.10721700000000012 0.14875000000000005
1 0.5164238025751073 0.424765625 0.06735299999999998 0.08375000000000005
1 0.5573295278969956 0.08921875 0.1374570000000001 0.15000000000000002
1 0.5542584549356223 0.476171875 0.08659799999999988 0.05999999999999994
1 0.5683904163090128 0.611015625 0.08865900000000003 0.05125000000000002
1 0.6728828669527898 0.8683984375 0.23092700000000002 0.218125
1 0.6419001802575108 0.1871875 0.15807499999999994 0.109375
1 0.6302454163090129 0.5399609375000001 0.09003500000000006 0.10749999999999998
1 0.6325401502145923 0.4524609375 0.048796999999999965 0.04625000000000001
1 0.6639224163090129 0.6051171875 0.08865999999999989 0.05312499999999998
1 0.6726056480686694 0.38828125 0.07560100000000004 0.07187499999999997
1 0.7227820643776824 0.0979296875 0.16494899999999993 0.16375
1 0.7201115708154507 0.4837109375 0.08041299999999992 0.10749999999999998
1 0.7860266824034334 0.6118359375 0.12989700000000007 0.07687500000000003
1 0.8018693347639485 0.2076953125 0.149141 0.15125
1 0.7635101115879829 0.87875 0.050170999999999986 0.15749999999999997
1 0.8215832188841202 0.9590234375 0.15601399999999996 0.06187500000000001
1 0.8022352618025751 0.40109375 0.09759400000000006 0.08749999999999997
1 0.8285201072961373 0.5230078125 0.10721599999999996 0.10374999999999995
1 0.8446291459227468 0.85421875 0.10309299999999999 0.14874999999999994
1 0.8524565321888411 0.097265625 0.08316100000000007 0.145625
1 0.8619946094420601 0.454453125 0.07835 0.06687499999999996
1 0.8730052274678112 0.3983203125 0.044674 0.05687500000000001
1 0.8808672660944207 0.595390625 0.04123699999999994 0.05125000000000002
