1 0.01953125 0.21380241666666666 0.04 0.046665999999999985
1 0.0469921875 0.4245836666666667 0.021875000000000006 0.022500000000000037
1 0.060234375 0.8993753333333334 0.013125000000000005 0.01083299999999987
1 0.075703125 0.8936455 0.0050000000000000044 0.015834000000000053
1 0.083359375 0.74755175 0.013124999999999998 0.025833999999999985
1 0.0853125 0.2693753333333333 0.016875 0.011666000000000029
1 0.0934375 0.19968783333333331 0.016249999999999987 0.027500000000000007
1 0.118359375 0.21140625 0.011874999999999997 0.010000000000000009
1 0.1420703125 0.66005175 0.02562500000000001 0.025833999999999985
1 0.137734375 0.9880732499999999 0.013124999999999998 0.010000000000000083
1 0.2340625 0.9592711666666668 0.015625 0.0066659999999999124
1 0.3452734375 0.9631250000000001 0.02999999999999997 0.031666999999999966
1 0.354609375 0.88973925 0.013124999999999998 0.009999999999999934
1 0.3862890625 0.9446878333333334 0.018125000000000002 0.027500000000000007
1 0.610234375 0.8565104166666666 0.011874999999999969 0.013333000000000114
1 0.7794921875 0.8845836666666668 0.021874999999999978 0.02166599999999989
