1 0.0234375 0.967769018957346 0.048155 0.059656
1 0.0302734375 0.08290738388625592 0.061288 0.15369
1 0.056640625 0.3533180663507109 0.115072 0.20020199999999996
1 0.09375 0.8159642290679305 0.188243 0.3538930000000001
1 0.0679316875 0.06477093206951026 0.131957 0.131446
1 0.050627 0.21290070142180095 0.09568499999999999 0.10717899999999998
1 0.072111375 0.5828420663507109 0.136961 0.19919199999999995
1 0.113859125 0.5253981721958926 0.130707 0.18604699999999996
1 0.0918699375 0.15943825908372827 0.076297 0.11223399999999999
1 0.1639331875 0.2690148546603476 0.11632300000000001 0.23255800000000004
1 0.14323806249999999 0.026856240126382307 0.05003200000000001 0.054601
1 0.179063375 0.9615119131121644 0.106316 0.07381199999999995
1 0.208206 0.10610037440758294 0.157599 0.124368
1 0.2404425625 0.6755478641390206 0.19074399999999997 0.26087000000000005
1 0.264414875 0.8737294028436018 0.15384599999999998 0.21132499999999993
1 0.26021012499999996 0.052132701421800945 0.09818600000000002 0.10616800000000001
1 0.28755387499999996 0.26389684518167456 0.15322100000000002 0.202224
1 0.29628581249999997 0.9809775671406004 0.10381500000000002 0.03538900000000006
1 0.36471725 0.6633503159557662 0.134459 0.28412600000000005
1 0.3567615 0.11715882622432859 0.07817299999999999 0.146613
1 0.375436375 0.3129350758293839 0.10631600000000002 0.23053600000000002
1 0.3885263125 0.026856240126382307 0.12069999999999997 0.056623
1 0.43037425 0.47585163349131115 0.16510299999999994 0.23660300000000004
1 0.433577375 0.8832080758293838 0.16885600000000006 0.22952500000000003
1 0.4417704375 0.26680328751974725 0.09193299999999999 0.19818
1 0.4411885 0.11172515323854659 0.07817400000000002 0.12639
1 0.4729533125 0.9751626824644551 0.11945 0.04752299999999993
1 0.4845378125 0.6292275086887836 0.07254600000000005 0.19312500000000002
1 0.4707126875 0.09592736492890995 0.038148000000000015 0.09504500000000002
1 0.5443254375 0.05055292259083728 0.12445299999999998 0.104146
1 0.5582717500000001 0.24815952764612953 0.148843 0.250758
1 0.505383125 0.370511682464455 0.03689800000000004 0.049545000000000006
1 0.56202375 0.8778364123222748 0.148843 0.23963600000000013
1 0.5312885625 0.46429048973143766 0.065666 0.136501
1 0.6134930625 0.6162100663507109 0.17511 0.19919100000000006
1 0.6137334375 0.4742743933649289 0.15509700000000004 0.182002
1 0.646605 0.9401508167456556 0.15759900000000004 0.1172900000000001
1 0.6358728125 0.36020903791469194 0.10381499999999999 0.11425700000000004
1 0.6266560625 0.13561348025276462 0.08067499999999994 0.10920099999999998
1 0.6823821875 0.24449627804107424 0.11694899999999997 0.16986900000000002
1 0.7091880625 0.07109004739336493 0.14446499999999995 0.143579
1 0.7089766875 0.6695484897314375 0.06941799999999998 0.13852400000000004
1 0.7306243125 0.18212701895734595 0.08817999999999993 0.05864500000000003
1 0.758637125 0.5799356240126382 0.13070700000000002 0.20728
1 0.7752386875 0.3427002969984202 0.162601 0.22547999999999999
1 0.79279275 0.9124060568720379 0.15009399999999995 0.17189100000000002
1 0.817125625 0.11014383570300157 0.08317700000000006 0.17593500000000004
1 0.867599375 0.6761181816745656 0.1682300000000001 0.21334699999999993
1 0.8176404375 0.036334913112164295 0.061913999999999914 0.073812
1 0.881137 0.5118754992101107 0.12632900000000002 0.165824
1 0.949939 0.9828730094786731 0.09443400000000002 0.03033399999999997
1 0.962062375 0.7450642875197473 0.07442199999999999 0.19716899999999998
1 0.9623368125 0.8894667203791469 0.07317099999999999 0.16177900000000003
1 0.977081375 0.49297708530805684 0.043777999999999984 0.25682499999999997
