0 0.1315625 0.23609334513274335 0.078125 0.10850200000000002
0 0.1305078125 0.8144866776232617 0.07312500000000001 0.09959500000000009
0 0.131484375 0.5359446776232617 0.07437500000000001 0.09959499999999988
0 0.375859375 0.8148424551201011 0.07437500000000002 0.09797500000000006
0 0.376484375 0.23518390012642224 0.075625 0.10283400000000002
0 0.378359375 0.5303761226295828 0.07437500000000002 0.10526300000000008
0 0.6237109375 0.23761390012642225 0.07625000000000004 0.10283399999999998
0 0.6237109375 0.8137761226295828 0.07625000000000004 0.10607299999999996
0 0.6229296875 0.5306314551201011 0.06999999999999995 0.09635599999999994
0 0.8653125 0.8153961226295828 0.078125 0.10445299999999992
0 0.864609375 0.24014234513274338 0.07562499999999994 0.10688199999999998
0 0.8680078125 0.5311851226295828 0.07250000000000001 0.10526299999999994
