2 0.1416015625 0.591387875 0.284314 0.558824
2 0.1572265625 0.2041015625 0.315359 0.410131
2 0.1839704375 0.8822318125 0.343137 0.23039199999999993
2 0.5298008125 0.560342875 0.635621 0.558823
2 0.5439645 0.1728515625 0.580065 0.346405
2 0.4829136875 0.92225775 0.382353 0.150327
2 0.66189225 0.24754900000000002 0.10294100000000006 0.25
2 0.850732375 0.9442339375 0.294118 0.10784300000000002
2 0.8513898125 0.5971391875000001 0.29248399999999997 0.45915
2 0.859259875 0.177734375 0.27777799999999997 0.356209
