2 0.1015625 0.7974479166666666 0.20375 0.3116670000000001
2 0.157109375 0.388333 0.200625 0.25166700000000003
2 0.1589453125 0.11197916666666667 0.18312499999999998 0.224167
2 0.25109375 0.6874475833333333 0.18062499999999998 0.268334
2 0.342109375 0.09411458333333333 0.13687500000000002 0.14416700000000002
2 0.34078125 0.24687466666666666 0.07125000000000004 0.1775
2 0.3912890625 0.3484899166666667 0.143125 0.155
2 0.42671875 0.79296875 0.18062499999999998 0.21166699999999997
2 0.420546875 0.45765591666666666 0.12125000000000002 0.15500000000000003
2 0.473125 0.9691149166666667 0.21999999999999997 0.06000000000000005
2 0.435859375 0.12119825 0.10625000000000001 0.16416600000000003
2 0.484375 0.041666666666666664 0.12687499999999996 0.085833
2 0.4695703125 0.63744825 0.08812500000000006 0.2283329999999999
2 0.507109375 0.35536425 0.10562500000000008 0.16416700000000004
2 0.5090625 0.22401041666666666 0.10999999999999999 0.139167
2 0.5251953125 0.0980205 0.11937499999999995 0.111667
2 0.49484375 0.09182325000000001 0.05625000000000002 0.070833
2 0.5440234374999999 0.619167 0.09187499999999998 0.2516659999999999
2 0.5667578125 0.8552079999999999 0.104375 0.2208340000000001
2 0.618203125 0.4476045 0.1925 0.17249999999999988
2 0.6202734375 0.3600524166666667 0.09312500000000001 0.10833299999999994
2 0.6421875 0.16953125 0.11062499999999997 0.16416699999999998
2 0.705078125 0.608542 0.22375 0.22083299999999997
2 0.718046875 0.9254166666666667 0.15312500000000007 0.14666700000000002
2 0.6848046875 0.29203091666666664 0.06999999999999995 0.12416699999999999
2 0.7601171875 0.470625 0.14687499999999998 0.15666699999999997
2 0.74296875 0.31583333333333335 0.08625000000000005 0.16666699999999998
2 0.749765625 0.0390625 0.08374999999999999 0.079167
2 0.777109375 0.195833 0.10562499999999997 0.2525
2 0.826875 0.4031767499999999 0.18874999999999997 0.18083400000000005
2 0.831171875 0.72848925 0.15249999999999997 0.1975000000000001
2 0.801171875 0.10635416666666665 0.05937500000000007 0.06833300000000003
2 0.881640625 0.23609375 0.11499999999999999 0.11833300000000002
2 0.8977734375 0.6965104166666666 0.0931249999999999 0.13916700000000004
2 0.9311328125 0.9126045 0.135625 0.17250000000000001
2 0.9291796875 0.4076559166666667 0.06937499999999996 0.15500000000000003
2 0.9648046875 0.5953649166666666 0.06874999999999998 0.12416600000000007
2 0.9647265625 0.26062466666666667 0.06562500000000004 0.11666699999999997
2 0.9690234375 0.72515625 0.06062500000000004 0.19749999999999993
2 0.9695703125 0.4767711666666667 0.05812499999999998 0.13083299999999998
