2 0.5168229166666667 0.7328125 0.15499999999999994 0.08000000000000007
2 0.3154163333333333 0.572265625 0.10500000000000005 0.14625
2 0.31708333333333333 0.4434765625 0.10499999999999994 0.06624999999999998
2 0.39234375 0.5915625 0.05666700000000002 0.07874999999999999
2 0.4255211666666667 0.490078125 0.06999999999999999 0.03625000000000006
2 0.4405729166666667 0.380390625 0.09333300000000004 0.05125000000000002
2 0.4610934166666667 0.6126953125 0.07666699999999997 0.08875
2 0.5267184166666666 0.6362109375 0.10833400000000008 0.10749999999999993
2 0.54921875 0.3065234375 0.15000000000000005 0.06125000000000003
2 0.7075003333333334 0.5585546875 0.2933329999999999 0.35125
