1 0.16921875 0.6066663333333333 0.24250000000000002 0.29416700000000007
1 0.31949218749999997 0.7785940833333332 0.209375 0.2841660000000001
1 0.4003125 0.14973958333333334 0.20500000000000002 0.301667
1 0.8164453125 0.3166149166666667 0.05687500000000001 0.05999999999999998
1 0.86421875 0.27796875 0.055624999999999925 0.08750000000000002
1 0.9227734375 0.32145833333333335 0.06187500000000001 0.07416700000000002
1 0.9546875 0.17703158333333335 0.046875 0.08083299999999997
1 0.96625 0.3355729166666666 0.06437499999999996 0.09333300000000004
1 0.959609375 0.07614583333333334 0.04375000000000007 0.05833299999999999
1 0.9740625 0.0234375 0.046875 0.049166999999999995
1 0.9896875 0.08171908333333333 0.01749999999999996 0.066666
