1 0.381796875 0.34381944444444446 0.09125 0.10888900000000001
1 0.04296875 0.6839582222222222 0.08625 0.22777799999999992
1 0.0891796875 0.8802775555555554 0.1625 0.23666700000000004
1 0.16507812500000002 0.6758333333333334 0.16125 0.2933329999999999
1 0.235390625 0.8898608888888889 0.14625000000000002 0.21666699999999997
1 0.320078125 0.6799308888888889 0.16125 0.24666599999999997
1 0.3924609375 0.8978473333333332 0.14 0.19999999999999998
1 0.45625 0.691667 0.12687500000000002 0.252222
1 0.5410937499999999 0.8903467777777778 0.14875 0.21444499999999994
1 0.6064453125 0.6820136666666667 0.150625 0.24000000000000002
1 0.685625 0.872152888888889 0.12687499999999996 0.2499999999999999
1 0.7355859375 0.6512503333333333 0.10750000000000004 0.23222200000000004
1 0.8035546875 0.8768053333333332 0.13187499999999996 0.23222200000000015
1 0.8596875 0.6613885555555554 0.14125 0.23888900000000005
1 0.93265625 0.868333 0.10250000000000004 0.253334
1 0.9648046875 0.6601393333333334 0.06874999999999998 0.22999999999999993
