0 0.00390625 0.4073947565982405 0.008594 0.03047999999999997
0 0.0107421875 0.4809574809384164 0.022656 0.029308000000000042
0 0.0134763125 0.21601358357771258 0.026563 0.038687000000000006
0 0.0349614375 0.962212340175953 0.06171800000000001 0.07034000000000008
0 0.13476587499999998 0.5953032639296189 0.122656 0.1758489999999999
0 0.1423825625 0.8546825395894428 0.12734399999999998 0.17702199999999987
0 0.236327875 0.742141642228739 0.12109400000000001 0.18991799999999998
0 0.244140375 0.5589633665689149 0.136719 0.18757400000000005
0 0.2220698125 0.8587592697947214 0.041407 0.0890980000000001
0 0.2830083125 0.34119023167155427 0.12109299999999998 0.14302499999999996
0 0.3880859375 0.40479671260997063 0.10859400000000002 0.16881600000000002
0 0.551952875 0.3520386099706745 0.09062499999999996 0.15709299999999995
0 0.58750025 0.8379927771260998 0.1023440000000001 0.2332940000000001
0 0.59921825 0.42351968621700875 0.04062600000000005 0.05041100000000004
0 0.6439458125 0.3593668856304985 0.10468699999999997 0.16060900000000003
0 0.651563 0.5644939618768329 0.03125 0.05392699999999999
0 0.702734125 0.345581853372434 0.06718800000000003 0.12778499999999995
0 0.740234375 0.2348087126099707 0.10703099999999999 0.16998799999999994
0 0.737108875 0.8783815835777126 0.027344000000000035 0.03985899999999989
0 0.738672375 0.9147204809384165 0.012499999999999956 0.026963999999999856
0 0.7412109375 0.7948451026392963 0.014063000000000048 0.01406799999999985
0 0.7412109375 0.6878760322580645 0.014843999999999968 0.033997000000000055
0 0.764453125 0.9856449296187683 0.035937 0.02344700000000002
0 0.758203375 0.8745744105571848 0.012499999999999956 0.048064999999999906
0 0.7638671875 0.7664220322580646 0.021874999999999978 0.035170000000000125
0 0.811327875 0.4578222697947214 0.08984399999999992 0.08909700000000002
0 0.84453075 0.2274845395894428 0.11796899999999999 0.17819400000000002
0 0.832031 0.8774997565982405 0.03125 0.03048099999999986
0 0.846094 0.6474356862170088 0.03125 0.050410000000000066
0 0.867969 0.966603961876833 0.03125 0.053926999999999906
0 0.954296875 0.2975302639296188 0.08984399999999992 0.17585000000000003
