1 0.6051361620029455 0.66796875 0.11981200000000002 0.055625000000000036
1 0.29441363770250367 0.6140234375 0.10094300000000002 0.030625000000000013
1 0.2958863917525773 0.6524609375 0.10377300000000002 0.04625000000000001
1 0.3670755729013254 0.614140625 0.053774000000000065 0.05125000000000002
1 0.3687315567010309 0.6584375 0.04339599999999998 0.04812499999999997
1 0.4268550972017673 0.611875 0.07264199999999998 0.06437500000000007
1 0.4458863917525773 0.6682421875 0.10565999999999998 0.05437500000000006
1 0.46130006480117824 0.576796875 0.047169999999999934 0.02749999999999997
1 0.50409858910162 0.589609375 0.066981 0.04312499999999997
1 0.5365201134020618 0.615234375 0.08490600000000004 0.04312499999999997
1 0.5117820324005891 0.6691796875 0.023584999999999967 0.03749999999999998
1 0.6439993917525774 0.6201171875 0.10377299999999998 0.05312499999999998
