2 0.1494140625 0.5478124999999999 0.3 0.39083300000000015
2 0.16015625 0.2675 0.320625 0.3775
2 0.29671875000000003 0.7691666666666667 0.36812500000000004 0.45916700000000005
2 0.3353515625 0.15953124999999999 0.25375000000000003 0.29
2 0.5225390624999999 0.34776075 0.39375 0.36916599999999994
2 0.5458203125000001 0.10677083333333333 0.18249999999999994 0.214167
2 0.644765625 0.7631770833333333 0.333125 0.47166700000000006
2 0.7874609375 0.18848958333333332 0.326875 0.3633330000000001
2 0.831640625 0.7022916666666666 0.33375 0.490833
2 0.8455859375 0.35817675 0.295625 0.30666699999999997
