0 0.0799609375 0.38429662839879153 0.10750000000000001 0.06673099999999998
0 0.0987109375 0.30238609063444105 0.07687500000000001 0.107351
0 0.2133984375 0.41529979456193356 0.09187500000000001 0.09574499999999993
0 0.2309375 0.3140560725075529 0.07812500000000003 0.08704099999999994
0 0.2378515625 0.6607724803625378 0.03437499999999999 0.06286299999999996
0 0.26468749999999996 0.6599246283987916 0.04874999999999999 0.06866599999999998
0 0.26390625 0.7163219063444108 0.03937499999999999 0.05802699999999995
0 0.276015625 0.6088517583081571 0.05249999999999999 0.053192000000000066
0 0.3060546875 0.6562407583081572 0.03875000000000001 0.053190999999999926
0 0.34203125 0.4250347764350453 0.10249999999999998 0.07253399999999995
0 0.364609375 0.311633664652568 0.07437499999999997 0.10928499999999994
0 0.3963671875 0.746781498489426 0.05375000000000002 0.08413900000000009
0 0.4033984375 0.6911207401812689 0.02937500000000004 0.03191499999999998
0 0.4176171875 0.7741735921450151 0.023125000000000007 0.026112000000000055
0 0.43921875 0.7016307764350453 0.05499999999999999 0.07350100000000002
0 0.4496875 0.761233332326284 0.04874999999999996 0.05609200000000008
0 0.4709765625 0.7420744622356495 0.034375000000000044 0.04158600000000005
0 0.52265625 0.4206783685800604 0.10249999999999998 0.09961399999999995
0 0.5203125 0.311633664652568 0.07937500000000003 0.10928499999999994
0 0.6555859375 0.40255148036253774 0.10749999999999993 0.06189599999999997
0 0.6499609375 0.32160894259818734 0.07687500000000003 0.10251500000000002
0 0.775859375 0.33175953474320247 0.07437499999999997 0.12475799999999997
0 0.79953125 0.403399332326284 0.10249999999999992 0.05609299999999996
0 0.8365234375 0.16071731419939578 0.02937499999999993 0.03384899999999998
0 0.8589453125 0.17474472205438066 0.02562500000000001 0.009671000000000004
0 0.864375 0.15684831419939577 0.03187499999999999 0.035782999999999995
0 0.8869140625 0.1691810181268882 0.018124999999999947 0.02321100000000001
0 0.9275390625 0.33780183081571 0.08187500000000003 0.13636399999999999
