1 0.08735332464146023 0.8348828125 0.17529199999999998 0.0737500000000001
1 0.15952805736636244 0.7390234375 0.047579 0.06125000000000003
1 0.20950099087353327 0.807109375 0.08430699999999999 0.10624999999999996
1 0.2197796479791395 0.72328125 0.07762900000000002 0.07187500000000002
1 0.35492660104302476 0.8339453125 0.21953300000000003 0.05687500000000001
1 0.36781282007822685 0.6578515625 0.21869800000000003 0.19000000000000006
1 0.38899901043024776 0.7460546875 0.19115199999999996 0.03749999999999998
1 0.5068210860495437 0.7813671875 0.07262099999999994 0.11624999999999996
1 0.5005648383311604 0.7116796875 0.05008299999999999 0.07000000000000006
1 0.7626953546284224 0.6259375 0.472454 0.45375000000000004
