1 0.1495201875 0.9059375 0.210131 0.17250000000000001
1 0.3339530625 0.7852604166666667 0.14258899999999997 0.20249999999999982
1 0.4336504375 0.8351562500000002 0.061914000000000025 0.07249999999999994
1 0.5279683125 0.3753645833333334 0.18198900000000007 0.20749999999999993
1 0.533957875 0.76015625 0.15384599999999993 0.1975000000000001
1 0.6582235625 0.8563541666666667 0.127579 0.19499999999999984
1 0.7051275625 0.6985416666666667 0.12758000000000003 0.1774999999999999
1 0.881849125 0.36859375 0.099437 0.11750000000000001
1 0.9043100625 0.6403125 0.14446499999999995 0.14250000000000007
1 0.9520894375 0.49484375 0.09193300000000004 0.17999999999999994
