1 0.6914059375 0.7705882941176471 0.23242200000000002 0.27647099999999997
1 0.4189449375 0.907353294117647 0.17187499999999994 0.1794110000000001
1 0.5859373125 0.9294120588235293 0.21386699999999997 0.1367640000000001
1 0.5800779375 0.37647029411764704 0.17089900000000008 0.27794099999999994
1 0.5839839375 0.5382348235294118 0.04589900000000002 0.24411800000000003
1 0.7636715 0.2544121764705882 0.140625 0.058823
1 0.7968745625 0.9499998235294117 0.189454 0.09558800000000009
1 0.8554683125 0.2823529411764706 0.08886800000000006 0.064706
1 0.9130855 0.8558824705882353 0.171875 0.2823530000000001
1 0.9599605625 0.2794114705882353 0.0654300000000001 0.035294000000000006
1 0.966797 0.9735290000000001 0.06347599999999998 0.05
