2 0.017578125 0.29067675 0.03625 0.055000000000000014
2 0.0732421875 0.665417 0.148125 0.1875
2 0.0239453125 0.585625 0.026875 0.03250000000000005
2 0.032421875 0.5080725833333334 0.02875 0.051666999999999984
2 0.050859375 0.59119825 0.04375 0.04166600000000006
2 0.0472265625 0.5458333333333334 0.03375 0.04333299999999992
2 0.175 0.28588575 0.15750000000000003 0.15000000000000005
2 0.2214453125 0.07104200000000001 0.213125 0.09583299999999999
2 0.143125 0.5397395833333333 0.0325 0.05166700000000005
2 0.246796875 0.20760416666666667 0.12125 0.13250000000000003
2 0.22828125 0.6126045 0.04000000000000001 0.04749999999999995
2 0.2443359375 0.5376559166666667 0.013749999999999984 0.03083399999999988
2 0.2744140625 0.57203125 0.050624999999999976 0.040000000000000036
2 0.26421875 0.5328125 0.025000000000000022 0.015832999999999913
2 0.2886328125 0.6064065833333334 0.04125000000000001 0.05166599999999999
2 0.3465625 0.2836455 0.14125 0.14083400000000004
2 0.3555859375 0.5549996666666667 0.07624999999999998 0.08416699999999995
2 0.3871484375 0.04666633333333333 0.09312500000000001 0.0425
2 0.41046875 0.5629166666666666 0.02437499999999998 0.022499999999999964
2 0.413671875 0.60921875 0.028124999999999956 0.024166999999999977
2 0.4274609375 0.47703125 0.014374999999999971 0.03999999999999996
2 0.441796875 0.585625 0.028749999999999998 0.03250000000000005
2 0.439765625 0.6088538333333333 0.020625000000000004 0.027500000000000007
2 0.5071875 0.28270833333333334 0.14187499999999997 0.13749999999999996
2 0.4734375 0.54338575 0.016874999999999973 0.025832999999999995
2 0.4928125 0.5562496666666666 0.016874999999999973 0.022499999999999964
2 0.498671875 0.571458 0.028750000000000053 0.031667000000000035
2 0.5178125 0.5544270833333332 0.016874999999999973 0.03583300000000008
2 0.524921875 0.571458 0.028125000000000067 0.033333999999999975
2 0.54078125 0.7159375 0.040000000000000036 0.047499999999999876
2 0.578984375 0.73151075 0.043749999999999956 0.05666600000000003
2 0.60015625 0.6947395833333334 0.040000000000000036 0.04999999999999997
2 0.6187109375 0.742083 0.04500000000000004 0.06416700000000002
2 0.6170703125 0.92421875 0.026874999999999982 0.025832999999999995
2 0.6426953125 0.9192187500000001 0.02562500000000001 0.024166999999999977
2 0.661015625 0.13786425 0.020625000000000004 0.040000000000000015
2 0.676171875 0.15833333333333335 0.02749999999999997 0.04166699999999999
2 0.6831640625 0.11458366666666665 0.018125000000000058 0.02250000000000002
2 0.692421875 0.39885383333333335 0.02750000000000008 0.027500000000000007
2 0.6920703125 0.17932291666666667 0.026249999999999996 0.029167000000000016
2 0.6978125 0.13822916666666665 0.016875000000000084 0.038333000000000006
2 0.6961328125 0.12317741666666666 0.011249999999999982 0.014166000000000012
2 0.7109765625 0.8104684166666667 0.03375000000000006 0.04666699999999994
2 0.7196484375 0.40515591666666667 0.02937500000000004 0.030834000000000028
2 0.743203125 0.8207291666666666 0.036250000000000004 0.03750000000000009
2 0.7514453125 0.2034899166666667 0.026249999999999996 0.030833
2 0.7602734375 0.23359408333333334 0.02937500000000004 0.03416599999999995
2 0.7697265625 0.25369824999999996 0.03499999999999992 0.04083300000000004
2 0.77125 0.16463541666666667 0.03249999999999997 0.045000000000000005
2 0.7928515625 0.2066663333333333 0.03500000000000003 0.04333400000000002
2 0.8040234375 0.2514065833333334 0.02937499999999993 0.04999999999999997
2 0.8275390625 0.18786424999999998 0.01937500000000003 0.04
2 0.84 0.20442708333333334 0.03312500000000007 0.035833000000000004
2 0.86296875 0.15666633333333335 0.024375000000000036 0.041666999999999975
2 0.870625 0.25406216666666664 0.03125 0.03749999999999998
2 0.8708984375 0.16463541666666667 0.030000000000000027 0.046667000000000014
2 0.8941796875 0.19770866666666664 0.03749999999999998 0.05333300000000004
2 0.890546875 0.17989616666666666 0.028750000000000053 0.03750000000000001
2 0.8946484375 0.13177049999999998 0.030625000000000013 0.04833400000000001
2 0.9041015625 0.25651075 0.03500000000000003 0.05499999999999997
2 0.94703125 0.442917 0.10312500000000002 0.06333299999999993
2 0.9221875 0.21500033333333335 0.016874999999999973 0.043332999999999955
2 0.94421875 0.213125 0.025000000000000022 0.031667
2 0.9503515625 0.23140658333333333 0.03375000000000006 0.04999999999999997
2 0.9622265625 0.18713541666666667 0.03499999999999992 0.04666699999999998
2 0.9707421875 0.22880241666666667 0.023125000000000062 0.04583300000000001
2 0.97921875 0.15333333333333335 0.024374999999999925 0.04249999999999996
2 0.9894140625 0.15203125 0.018750000000000044 0.04083299999999999
2 0.9912109375 0.2009375 0.015000000000000013 0.04750000000000002
