1 0.1459765625 0.4280668713450292 0.03437500000000002 0.032772000000000065
1 0.1451171875 0.3986298596491228 0.021875000000000006 0.03651699999999997
1 0.169765625 0.5115148479532163 0.020625000000000004 0.040263000000000014
1 0.1744921875 0.37106584795321634 0.023125000000000007 0.04026200000000005
1 0.1790625 0.7897859064327484 0.016874999999999973 0.023408000000000186
1 0.1837890625 0.7557818713450292 0.019375000000000003 0.03277199999999998
1 0.194375 0.3102038479532164 0.03125 0.03838999999999995
1 0.1951171875 0.661097894736842 0.021874999999999978 0.029026000000000027
1 0.2187890625 0.6296078245614036 0.018750000000000017 0.044006999999999866
1 0.2226953125 0.5164928830409357 0.02687500000000001 0.030898999999999965
1 0.2278515625 0.47417682456140353 0.03437500000000002 0.044008
1 0.22921875 0.4419968947368421 0.024375000000000008 0.029026000000000027
1 0.2408984375 0.670460894736842 0.029374999999999984 0.02902700000000008
1 0.2470703125 0.31787590643274855 0.026874999999999982 0.025280999999999998
1 0.26 0.5067188713450292 0.03187499999999999 0.034644000000000036
1 0.288125 0.7074378011695907 0.03312499999999996 0.051498000000000065
1 0.29046875 0.5405418479532164 0.02437499999999998 0.04026200000000005
1 0.29875 0.4906198128654971 0.03187499999999999 0.04775299999999999
1 0.294140625 0.6752578713450292 0.02124999999999999 0.034644000000000036
1 0.327421875 0.5281388947368421 0.02812500000000001 0.029026000000000027
1 0.3314453125 0.6842597543859649 0.026875000000000038 0.06179800000000001
1 0.3351953125 0.47125284795321637 0.026874999999999982 0.040261999999999964
1 0.3677734375 0.4119688128654971 0.030624999999999958 0.04962499999999996
1 0.373203125 0.6389708245614035 0.03624999999999995 0.04587999999999997
1 0.3755859375 0.5544718713450293 0.014999999999999958 0.03464399999999995
1 0.397421875 0.4247318830409356 0.027500000000000024 0.030899000000000048
1 0.40640625 0.4363788947368421 0.03937499999999999 0.029026000000000027
1 0.3992578125 0.5667588479532164 0.011250000000000038 0.04026199999999988
1 0.4198828125 0.540311894736842 0.010000000000000009 0.029026000000000027
1 0.4408984375 0.6700997777777777 0.029374999999999984 0.05711600000000007
1 0.4868359375 0.6940998479532163 0.014375000000000027 0.040261999999999964
1 0.5044140625 0.6696398713450292 0.018125000000000058 0.032772000000000065
1 0.5233203125 0.6567608245614036 0.026874999999999982 0.045880999999999936
1 0.5351953125 0.6928179181286549 0.026874999999999982 0.022472000000000034
1 0.5501953125 0.65529883625731 0.026249999999999996 0.0421349999999999
1 0.5601171875 0.5913988830409357 0.02187500000000009 0.030899000000000048
1 0.5599609375 0.6179119181286551 0.014375000000000027 0.02059899999999993
1 0.604296875 0.6361618245614035 0.028125000000000067 0.04588000000000005
