1 0.0400390625 0.7341972428198433 0.081875 0.349206
1 0.0634765625 0.4096887258485639 0.128125 0.35004099999999994
1 0.0869140625 0.1406782689295039 0.174375 0.266499
1 0.15328124999999998 0.6319079973890339 0.16499999999999998 0.309942
1 0.17972656250000002 0.33663502349869456 0.12874999999999998 0.22890500000000003
1 0.3020703125 0.7714818015665796 0.3075 0.4152040000000001
1 0.30972656249999997 0.3927707937336815 0.28437500000000004 0.340852
1 0.5080078125 0.5185043864229765 0.32375000000000004 0.4043440000000001
1 0.5143359375000001 0.2561156684073107 0.20124999999999998 0.130326
1 0.518671875 0.7505789738903395 0.12187499999999996 0.08270600000000002
1 0.7329296875 0.7572798015665796 0.31937499999999996 0.41687499999999994
1 0.722890625 0.39908827676240205 0.270625 0.3425230000000001
1 0.8974609375 0.6341028276762402 0.2025 0.3358390000000001
