1 0.055859375 0.6109378333333334 0.10625 0.08958299999999997
1 0.03515575 0.3041663333333333 0.056249999999999994 0.10625000000000002
1 0.04921825 0.5049479166666666 0.070313 0.1229170000000001
1 0.0646489375 0.15963541666666667 0.078124 0.10833300000000001
1 0.09765675 0.2682288333333333 0.08750000000000001 0.120834
1 0.1080078125 0.4263020833333333 0.073438 0.12916700000000003
1 0.1021479375 0.7260416666666666 0.045313000000000006 0.11666700000000023
1 0.1310546875 0.560417 0.101562 0.125
1 0.133203125 0.853125 0.098437 0.15625
1 0.164453625 0.17734408333333332 0.11406199999999998 0.160416
1 0.1630859375 0.36692675 0.10781199999999999 0.11874999999999991
1 0.185546875 0.501042 0.12187500000000001 0.15625
1 0.1970708125 0.7145833333333332 0.104687 0.16875000000000018
1 0.207813 0.26640625 0.09531199999999998 0.07083299999999997
1 0.221484875 0.10937466666666666 0.09062499999999998 0.11458400000000002
1 0.2427739375 0.5539059166666667 0.10937499999999997 0.15416699999999994
1 0.2365234375 0.9057291666666666 0.09218799999999999 0.10000000000000024
1 0.26875 0.8127607500000001 0.126562 0.1812499999999999
1 0.25293018749999996 0.3854163333333333 0.08593700000000001 0.10416700000000001
1 0.2732421875 0.214583 0.08437499999999998 0.127084
1 0.3177729375 0.6765621666666667 0.10781299999999999 0.1625000000000001
1 0.2966791875 0.07161458333333333 0.05312600000000001 0.14375
1 0.342187 0.32708333333333334 0.09375 0.16874999999999996
1 0.3322265625 0.4807291666666667 0.06562499999999999 0.09999999999999994
1 0.35859375 0.92473925 0.11875000000000002 0.13333399999999992
1 0.375390625 0.11484341666666666 0.11406300000000003 0.202084
1 0.37890625 0.09114616666666668 0.10156300000000001 0.16249999999999998
1 0.424609375 0.5244791666666666 0.1375 0.1625
1 0.3984375 0.2807295 0.078125 0.141666
1 0.4166020625 0.6341145833333334 0.11249900000000002 0.08125000000000011
1 0.441796875 0.758333 0.09062500000000001 0.18958399999999997
1 0.486328625 0.146875 0.11406199999999994 0.15833299999999997
1 0.4873051875 0.9125003333333334 0.11718699999999999 0.16875000000000004
1 0.4875005 0.2859375 0.11093699999999995 0.172917
1 0.53046925 0.0390625 0.103124 0.079167
1 0.5314458125 0.6020833333333334 0.10468699999999997 0.16666699999999998
1 0.5345703125 0.03958333333333333 0.08906199999999997 0.041667
1 0.603125 0.7278645833333334 0.15625 0.20625000000000013
1 0.596875 0.5031246666666667 0.12656199999999995 0.179167
1 0.6373046875 0.2747399166666667 0.13281199999999993 0.154166
1 0.65 0.03125 0.12656299999999998 0.0625
1 0.67109375 0.8713541666666668 0.1499999999999999 0.19374999999999995
1 0.7029296875 0.12604133333333334 0.13281200000000004 0.197917
1 0.71484425 0.6 0.134374 0.1875
1 0.7333979375 0.4127604166666667 0.13906299999999994 0.202083
1 0.7765625 0.6567708333333334 0.17343699999999995 0.21458299999999997
1 0.835546875 0.7966145833333332 0.18437499999999996 0.20833299999999996
1 0.82421875 0.9489579999999999 0.15000000000000002 0.09583400000000013
1 0.83671825 0.23229200000000003 0.16562600000000005 0.22083299999999997
1 0.853125 0.5234378333333334 0.12656299999999998 0.21458299999999988
1 0.9216796875 0.07161458333333333 0.1312500000000001 0.14375
1 0.9416020625 0.47057325 0.11250000000000004 0.2583329999999999
1 0.944921375 0.70807325 0.1062510000000001 0.19583300000000006
1 0.9494145625 0.25703158333333337 0.09687500000000004 0.20833299999999996
1 0.9494145625 0.8966149166666666 0.09687500000000004 0.18541600000000003
