2 0.3305859375 0.6867578125 0.39 0.16625
2 0.131875 0.6906640625 0.21875 0.17500000000000004
2 0.25894531249999997 0.6068359375 0.21375000000000002 0.14
2 0.2863671875 0.5155078125 0.24124999999999996 0.10375000000000001
2 0.3812890625 0.8641015625 0.20625 0.22249999999999992
2 0.40765625 0.8705078125 0.19624999999999998 0.16625
2 0.516875 0.6501171875 0.21875 0.17874999999999996
2 0.5407421875 0.84046875 0.20999999999999996 0.275
2 0.6030859375 0.5651953125 0.2025 0.21375
2 0.58046875 0.7332421875 0.14875000000000005 0.20999999999999996
