1 0.17183593749999998 0.5106884978038068 0.20187500000000003 0.28517800000000004
1 0.4580859375 0.2586411112737921 0.13937499999999997 0.27673600000000004
1 0.45109375 0.918948571010249 0.11874999999999997 0.15009299999999995
1 0.5142578125 0.34577757101024886 0.041874999999999996 0.15197000000000002
1 0.5265234375000001 0.6480690863836017 0.062499999999999944 0.16135100000000002
1 0.5566015625 0.9452405095168376 0.06562499999999993 0.10506599999999987
1 0.5660546875 0.31193647291361637 0.038124999999999964 0.17073200000000005
1 0.6171875 0.343532859443631 0.07937499999999997 0.18011300000000005
1 0.6691796875 0.42274473060029283 0.10124999999999995 0.17823599999999995
1 0.863125 0.6553637920937042 0.09499999999999997 0.22514100000000006
1 0.9683984375 0.8104281844802341 0.06125000000000003 0.14258900000000008
