0 0.01171875 0.2971484375 0.025 0.02937500000000004
0 0.021484375 0.32265625 0.04375 0.04062500000000002
0 0.0986328125 0.0797265625 0.1975 0.128125
0 0.30859375 0.731328125 0.618125 0.535625
0 0.031796875 0.3462890625 0.0275 0.01874999999999999
0 0.1275 0.435390625 0.21875 0.14500000000000007
0 0.04171875 0.3090234375 0.024375 0.030625000000000013
0 0.2751171875 0.14109375000000002 0.240625 0.118125
0 0.255546875 0.025390625 0.184375 0.051875
0 0.323515625 0.490546875 0.23937499999999998 0.15375
0 0.4171875 0.052734375 0.20312500000000006 0.106875
0 0.5165234375000001 0.2712109375 0.27999999999999997 0.295625
0 0.4554296875 0.85140625 0.06937499999999996 0.07124999999999992
0 0.5530468749999999 0.538828125 0.24625000000000002 0.161875
0 0.6387109375 0.0857421875 0.23375 0.11625
0 0.6913671875 0.398046875 0.21062499999999995 0.12124999999999997
0 0.7351171875 0.910390625 0.27312500000000006 0.176875
0 0.8307421875 0.6283984375 0.30437500000000006 0.24812499999999993
0 0.7838671875 0.2928515625 0.17937500000000006 0.09750000000000003
0 0.835234375 0.2044140625 0.16875000000000007 0.080625
0 0.8980859375 0.4001171875 0.20187500000000003 0.271875
