2 0.10203124999999999 0.10145116984402079 0.10312500000000002 0.10876799999999999
2 0.0166015625 0.16798424956672445 0.035 0.07658100000000002
2 0.51109375 0.8309908630849221 0.08624999999999994 0.09766899999999998
2 0.522109375 0.3044992495667245 0.10625000000000007 0.07658099999999991
2 0.5633203125 0.8851014540727903 0.08875 0.08657099999999997
2 0.6287890625 0.3335697383015598 0.08062500000000006 0.059932999999999965
2 0.70375 0.16888076083188908 0.09437499999999999 0.096559
2 0.7070703125 0.10437055632582323 0.08812500000000001 0.088791
2 0.746875 0.02772963604852686 0.09500000000000008 0.056604
2 0.9220703125 0.7184832495667245 0.08875 0.07880100000000004
2 0.972890625 0.7259025563258232 0.051875000000000004 0.08879000000000001
