1 0.0625 0.19912152269399708 0.126875 0.400187
1 0.09375 0.6247869399707173 0.18875 0.4320520000000001
1 0.2102734375 0.040995607613469986 0.24875000000000003 0.083411
1 0.2565234375 0.2896768111273792 0.279375 0.42830300000000004
1 0.329453125 0.9138213440702783 0.379375 0.168697
1 0.3509765625 0.628716234260615 0.31500000000000006 0.3692599999999999
1 0.538125 0.3631246456808199 0.34500000000000003 0.49203399999999997
1 0.5632421875 0.08931185944363104 0.334375 0.180881
1 0.6594921874999999 0.805671878477306 0.335625 0.38519200000000003
1 0.81125 0.3577341610541727 0.28312499999999996 0.505155
1 0.8598828125 0.7380805592972182 0.1975 0.33270799999999995
1 0.8956640625 0.1259150805270864 0.20625000000000004 0.253983
1 0.93140625 0.9057361171303074 0.13437500000000002 0.18556700000000015
1 0.9630078125 0.5776283879941435 0.07250000000000001 0.4864099999999999
