0 0.1789453125 0.39927629575402634 0.276875 0.418386
0 0.26140625 0.24666590922401171 0.226875 0.4099439999999999
0 0.44921875 0.32991017276720347 0.27437500000000004 0.32457700000000006
0 0.4562890625 0.5185958653001463 0.23687499999999995 0.0881800000000001
0 0.4884765625 0.4785996383601757 0.25375 0.106004
0 0.5706249999999999 0.12884333821376281 0.25125000000000003 0.258912
0 0.6619140625 0.5769065651537335 0.17437500000000006 0.24202600000000002
0 0.728671875 0.20232066910688143 0.24625000000000008 0.130394
0 0.7458203125 0.5629316017569546 0.12062499999999998 0.17448400000000008
0 0.7946484375 0.12445095168374817 0.218125 0.249531
