2 0.3917578125 0.7461975833333333 0.13624999999999998 0.205834
2 0.1190234375 0.5300520833333333 0.06187500000000001 0.19249999999999998
2 0.21625 0.5872913333333334 0.15625 0.19916699999999996
2 0.1707421875 0.4124999999999999 0.05437500000000001 0.12750000000000003
2 0.19375 0.3233336666666667 0.09562499999999999 0.084166
2 0.208828125 0.4413544999999999 0.06812499999999999 0.11166600000000004
2 0.259453125 0.19786425 0.13 0.16416700000000004
2 0.493046875 0.8725524166666666 0.18500000000000005 0.23250000000000007
2 0.600234375 0.14453091666666668 0.10687500000000005 0.1225
2 0.68 0.8921878333333334 0.1875 0.15166599999999994
2 0.73234375 0.6549475833333332 0.055625000000000036 0.268334
2 0.8334765625 0.5710416666666667 0.18999999999999995 0.1775
