2 0.25113281249999997 0.4552083333333334 0.010625000000000023 0.011666999999999947
2 0.2788671875 0.2757815833333333 0.05437500000000001 0.02083299999999999
2 0.2585546875 0.36828158333333333 0.007500000000000007 0.02083300000000003
2 0.26578125 0.3699475833333334 0.00874999999999998 0.019167000000000007
2 0.268828125 0.45223925000000004 0.0050000000000000044 0.008333999999999989
2 0.2723046875 0.3703125 0.00687500000000002 0.015832999999999986
2 0.27890625 0.36828158333333333 0.00874999999999998 0.019165999999999943
2 0.2804296875 0.4685413333333333 0.006249999999999978 0.01250000000000003
2 0.290703125 0.4665104166666667 0.005624999999999991 0.014166999999999966
2 0.32125 0.4845836666666667 0.06375000000000003 0.021666000000000036
2 0.29703125 0.45723925 0.00874999999999998 0.008333999999999989
2 0.353515625 0.26739616666666666 0.08374999999999999 0.038332999999999985
2 0.33140625 0.38817741666666666 0.008124999999999993 0.014165999999999975
2 0.371875 0.39005175 0.06312499999999999 0.025834000000000062
2 0.3641796875 0.5202083333333333 0.007500000000000007 0.01250000000000003
2 0.413125 0.54505175 0.06437499999999996 0.024166999999999977
2 0.39203125 0.27911458333333333 0.008124999999999993 0.019167000000000007
2 0.3980859375 0.27890625 0.015000000000000013 0.00833299999999996
2 0.41015625 0.2744795 0.008124999999999993 0.016665999999999997
2 0.4228515625 0.5182815833333333 0.03375 0.02083300000000003
2 0.4205078125 0.27890625 0.009999999999999953 0.00833299999999996
2 0.460078125 0.2644270833333333 0.0675 0.035833000000000004
2 0.4690625 0.4117705 0.07875000000000004 0.0483340000000001
2 0.4817578125 0.5941145833333333 0.010000000000000009 0.019167000000000083
2 0.4874609375 0.60421875 0.014374999999999971 0.025832999999999995
2 0.5212890625 0.256458 0.049375 0.03249999999999997
2 0.5079296875 0.5741145833333333 0.0068749999999999645 0.018333000000000006
2 0.5130859375 0.5824475833333334 0.014375000000000027 0.019167000000000007
2 0.5155859375 0.60755175 0.014374999999999916 0.025833999999999985
2 0.5368359375 0.5857815833333334 0.013749999999999929 0.019165999999999943
2 0.5393359375 0.5731774166666667 0.01375000000000004 0.01500000000000005
2 0.5930859375 0.45369825 0.1087499999999999 0.03999999999999996
2 0.54890625 0.27171875 0.008749999999999925 0.024166999999999977
2 0.5528125 0.6062496666666667 0.016874999999999973 0.022500000000000037
2 0.5603125 0.26208366666666666 0.015625 0.021666
2 0.5603125 0.27265591666666666 0.016874999999999973 0.030834000000000028
2 0.5580078125 0.5861455 0.010000000000000009 0.015833999999999977
2 0.567734375 0.5961455 0.013124999999999942 0.017499999999999922
2 0.5755078125 0.25494758333333334 0.009999999999999898 0.019167000000000007
2 0.576484375 0.27005175 0.013124999999999942 0.024166999999999977
2 0.5937890625 0.27505175 0.018125000000000058 0.02416700000000001
2 0.6087890625 0.2696878333333333 0.018125000000000058 0.027500000000000007
2 0.6099609375 0.25557325 0.015000000000000013 0.010000000000000009
2 0.6687890625 0.4677086666666666 0.11249999999999993 0.053333
2 0.673359375 0.2539065833333333 0.10625000000000007 0.05000000000000001
2 0.639609375 0.6686454999999999 0.011874999999999969 0.017499999999999998
2 0.6514453125 0.6760413333333334 0.026249999999999996 0.012499999999999881
2 0.6499609375 0.6404166666666667 0.01375000000000004 0.022499999999999964
2 0.66328125 0.6565104166666668 0.009374999999999911 0.014999999999999977
2 0.6705859375 0.6361455 0.015000000000000013 0.016666999999999987
2 0.6855078125 0.6542711666666666 0.011249999999999982 0.006665999999999987
2 0.7021875 0.6743753333333333 0.015625 0.011666000000000102
2 0.7463671875 0.73255175 0.022500000000000075 0.024166999999999977
2 0.749765625 0.7485940833333333 0.020625000000000004 0.034166000000000064
2 0.754765625 0.2671878333333333 0.020625000000000004 0.027500000000000042
2 0.814609375 0.48177049999999993 0.10562500000000008 0.04833400000000002
2 0.7758203125 0.24624966666666667 0.025624999999999898 0.023334000000000004
2 0.77609375 0.26755175 0.024374999999999925 0.02416700000000005
2 0.7801171875 0.7305208333333333 0.021874999999999978 0.027500000000000007
2 0.7809375 0.7138538333333333 0.015625 0.027500000000000007
2 0.7903125 0.22911458333333334 0.015625 0.019166999999999972
2 0.793515625 0.7665621666666667 0.020625000000000004 0.036667000000000005
2 0.794765625 0.251458 0.020625000000000004 0.03250000000000001
2 0.793984375 0.2707815833333333 0.01187500000000008 0.018333000000000044
2 0.8000390625 0.23265591666666666 0.01937500000000003 0.02916699999999998
2 0.8046875 0.73088575 0.01749999999999996 0.025832999999999995
2 0.8119140625 0.71421875 0.01937500000000003 0.025832999999999995
2 0.814140625 0.24901041666666668 0.020625000000000004 0.013332999999999965
2 0.8144140625 0.26755175 0.018124999999999947 0.02416700000000005
2 0.815234375 0.22317741666666668 0.013125000000000053 0.014999999999999977
2 0.824140625 0.23671875 0.02124999999999999 0.025832999999999957
2 0.8282421875 0.7688538333333333 0.021874999999999978 0.027500000000000007
2 0.8273828125 0.25807325 0.010000000000000009 0.009166000000000007
2 0.8357421875 0.2668229166666667 0.02187500000000009 0.03083299999999996
2 0.837265625 0.24494758333333333 0.020625000000000004 0.01999999999999998
2 0.838515625 0.2304166666666667 0.020625000000000004 0.022500000000000003
2 0.8378125 0.7179166666666666 0.016875000000000084 0.022499999999999964
2 0.85203125 0.23078158333333332 0.008124999999999938 0.02083300000000003
2 0.8569140625 0.2668229166666667 0.01937500000000003 0.02916699999999998
2 0.855234375 0.2466145833333333 0.011874999999999969 0.020000000000000018
2 0.8596875 0.7476559166666666 0.016874999999999973 0.030834000000000028
2 0.8661328125 0.24567741666666665 0.011250000000000093 0.014999999999999977
2 0.8700390625 0.26588575 0.018125000000000058 0.025833000000000068
2 0.8805078125 0.26588575 0.011249999999999982 0.02416600000000006
