2 0.2218745 0.7166481844802343 0.07968800000000001 0.14285700000000007
2 0.0419921875 0.05417276720351391 0.084375 0.11006999999999999
2 0.16992137499999999 0.04538799414348463 0.13750099999999998 0.091335
2 0.332421875 0.4224511171303075 0.18437499999999998 0.18735300000000005
2 0.390625 0.5650165036603221 0.21875 0.19437899999999997
2 0.4533208125 0.12034311713030747 0.10468699999999997 0.187354
2 0.5068359375 0.11389731332357247 0.17031300000000005 0.145199
2 0.502734375 0.021961932650073207 0.07500000000000001 0.044496
2 0.5361333125000001 0.6613271171303075 0.08906200000000003 0.18735299999999996
2 0.642578125 0.09224011713030747 0.098437 0.187354
2 0.6841791875 0.38088943631039524 0.1468750000000001 0.23887600000000006
2 0.73046875 0.8226315344070279 0.21250000000000002 0.21779800000000007
2 0.8009770625 0.9300547979502195 0.17500000000000004 0.13348900000000022
2 0.894922375 0.027818448023426062 0.07499999999999996 0.056206
2 0.94609325 0.39435517862371894 0.10312600000000005 0.23184999999999995
2 0.9572270625 0.7579313748169838 0.08125000000000004 0.19203799999999996
