1 0.0703125 0.729466705882353 0.140625 0.22598900000000002
1 0.2485546875 0.7859008235294117 0.1625 0.24576299999999987
1 0.337421875 0.6323006470588235 0.15375 0.240113
1 0.4381640625 0.6315387058823528 0.11312499999999998 0.22504700000000005
1 0.4805078125 0.8683620000000001 0.10374999999999995 0.20244799999999993
1 0.6195703125 0.9614462941176471 0.025624999999999898 0.028248999999999903
1 0.6908984375 0.7820619999999999 0.030625000000000013 0.051789000000000085
1 0.746171875 0.6622436470588235 0.028124999999999956 0.04049000000000003
1 0.7478125 0.6966712352941177 0.015625 0.042372999999999945
1 0.8000390625 0.5660824705882354 0.01937500000000003 0.03483999999999997
1 0.8444921875 0.6407667058823528 0.023125000000000062 0.025424
1 0.8544140625 0.612517705882353 0.018750000000000044 0.024482000000000007
1 0.8751171875 0.5182395294117647 0.021874999999999978 0.01789100000000002
1 0.872734375 0.5973355294117647 0.013125000000000053 0.019773999999999937
1 0.88265625 0.550370705882353 0.008749999999999925 0.023540999999999916
