2 0.5378125 0.8409488689956331 0.1725 0.1927370000000001
2 0.0341796875 0.37469162008733625 0.07 0.15828700000000004
2 0.0341796875 0.7743690363901019 0.07 0.171322
2 0.0361328125 0.5973017219796215 0.07375 0.2327750000000001
2 0.0400390625 0.15354978748180495 0.08125 0.13500899999999996
2 0.0625 0.2651635793304221 0.125 0.12942300000000004
2 0.04875 0.08442503639010189 0.095 0.170391
2 0.0871875 0.050946142649199416 0.110625 0.103352
2 0.1237109375 0.16891962008733624 0.10874999999999999 0.15828599999999998
2 0.1839453125 0.38924766084425033 0.18312499999999998 0.18715100000000004
2 0.210390625 0.19623413828238717 0.176875 0.24394800000000003
2 0.1994140625 0.07072289374090249 0.08125000000000002 0.06797
2 0.23484375 0.6478699097525473 0.14875000000000002 0.22253300000000004
2 0.2518359375 0.7902508078602619 0.13874999999999998 0.14897599999999994
2 0.2140234375 0.020378457059679767 0.06187500000000001 0.040968
2 0.2690625 0.05967976710334789 0.079375 0.12104300000000001
2 0.29921875 0.48597611790393014 0.11750000000000002 0.22905099999999992
2 0.3641796875 0.8415916812227074 0.19437499999999996 0.20204799999999995
2 0.297734375 0.1681997059679767 0.04375000000000001 0.07635000000000002
2 0.3275390625 0.05240174672489083 0.08125000000000004 0.10707599999999999
2 0.397265625 0.3909112401746725 0.176875 0.31657299999999994
2 0.4044140625 0.13745693013100438 0.175 0.238361
2 0.5357421875 0.5292261790393014 0.17937499999999995 0.27281199999999994
2 0.5782421875 0.27649178311499273 0.20999999999999996 0.276536
2 0.5265625 0.03056768558951965 0.04749999999999999 0.06145300000000001
2 0.561015625 0.10227435080058224 0.11499999999999999 0.108939
2 0.601953125 0.06887255895196508 0.09875 0.11638799999999998
2 0.6655078125 0.6211033260553129 0.16625 0.23463700000000004
2 0.711171875 0.391488615720524 0.18499999999999994 0.29795099999999997
2 0.7093359375 0.16810582823871906 0.13875000000000004 0.16387400000000002
2 0.6723828125 0.02911208151382824 0.041874999999999996 0.059590000000000004
2 0.696875 0.042212518195050945 0.06437499999999996 0.08473
2 0.76046875 0.7924907627365358 0.18062499999999992 0.259777
2 0.7764453125 0.07009274672489083 0.08937499999999998 0.10521399999999999
2 0.8277734375 0.32047653420669575 0.186875 0.240224
2 0.80640625 0.5753494526928675 0.13312500000000005 0.18156500000000003
2 0.782109375 0.011644832605531296 0.07437499999999997 0.025140000000000003
2 0.8080859375 0.14644274672489083 0.10875000000000001 0.10521399999999999
2 0.8584375 0.04512372634643377 0.078125 0.090317
2 0.8659765625 0.649602036390102 0.06625000000000003 0.17039099999999996
2 0.879453125 0.17151731004366813 0.0368750000000001 0.080074
2 0.9339453125 0.2143726404657933 0.11937500000000001 0.173184
2 0.9337890625 0.09255695487627366 0.11312499999999992 0.111732
2 0.95484375 0.020378457059679767 0.08750000000000002 0.040968
2 0.961484375 0.6274260160116447 0.07500000000000007 0.15456300000000006
2 0.98734375 0.7417155997088791 0.02375000000000005 0.14525100000000002
2 0.9876171875 0.6545335589519651 0.022499999999999964 0.11638800000000006
2 0.99515625 0.3096739344978166 0.008125000000000049 0.097765
