2 0.0836455 0.4955078125 0.140834 0.104375
2 0.059895833333333336 0.8221875 0.12 0.1725
2 0.08072916666666667 0.1589453125 0.161667 0.11999999999999998
2 0.19124966666666665 0.809921875 0.148334 0.18437499999999996
2 0.23718783333333335 0.4605078125 0.15333300000000002 0.13499999999999995
2 0.24869825 0.157890625 0.165833 0.114375
2 0.3708336666666667 0.8416796875 0.21000000000000005 0.16249999999999998
2 0.3958333333333333 0.464921875 0.16833299999999998 0.184375
2 0.4156250000000001 0.14890625000000002 0.15666699999999997 0.133125
2 0.5498961666666666 0.824921875 0.161666 0.18499999999999994
2 0.5627600833333334 0.1451953125 0.15916699999999992 0.12
2 0.572292 0.466953125 0.15749999999999997 0.16187499999999994
2 0.7214583333333334 0.160703125 0.20000000000000004 0.13
2 0.7359378333333334 0.838359375 0.21583300000000002 0.19937499999999997
2 0.7638024166666666 0.4661328125 0.170833 0.16750000000000004
2 0.89807325 0.1607421875 0.134166 0.11624999999999999
2 0.92421875 0.8515234375 0.14916700000000013 0.18624999999999992
2 0.9281774166666666 0.451171875 0.14000000000000012 0.18437499999999996
