2 0.0556640625 0.7525185888399413 0.113125 0.24530100000000016
2 0.0869140625 0.42768544052863433 0.175625 0.16917300000000002
2 0.11765625 0.238130154185022 0.22812500000000002 0.15977399999999997
2 0.1169921875 0.5760023054331865 0.14750000000000002 0.27631599999999995
2 0.149296875 0.9520647209985315 0.1525 0.09398499999999999
2 0.229140625 0.8099085873715124 0.145625 0.22368400000000008
2 0.266875 0.5817003039647577 0.1575 0.25563900000000006
2 0.369140625 0.21569101174743027 0.145625 0.16635300000000003
2 0.3556640625 0.5418180117474303 0.111875 0.16541399999999998
2 0.4336328125 0.7822998751835536 0.19812499999999994 0.2528199999999999
2 0.5022656249999999 0.6783317268722467 0.17687500000000006 0.17763099999999996
2 0.5145703125000001 0.3579017254038179 0.11937499999999995 0.15601499999999996
2 0.52390625 0.9158790117474302 0.13375000000000004 0.16541299999999984
2 0.52046875 0.4982322995594714 0.11874999999999997 0.19548799999999997
2 0.5534765625 0.845741584434655 0.15875000000000006 0.18233100000000002
2 0.5917578125 0.4356150117474302 0.10375000000000001 0.16635400000000003
2 0.605 0.6674642980910426 0.12687500000000007 0.17575199999999994
2 0.6378125 0.9135874405286344 0.078125 0.16917299999999985
2 0.686328125 0.5530970117474302 0.12937500000000002 0.16447299999999995
2 0.73828125 0.9235738678414097 0.13312500000000005 0.15037599999999987
