1 0.4063671875 0.848984375 0.11625000000000002 0.10624999999999996
1 0.1598828125 0.716015625 0.13625 0.14625
1 0.230546875 0.7858984375 0.05875 0.09250000000000003
1 0.29046875 0.84328125 0.08625 0.10250000000000004
1 0.4480078125 0.9298046875 0.10499999999999998 0.10124999999999995
1 0.4816796875 0.7396875 0.06999999999999995 0.11124999999999996
1 0.548125 0.78109375 0.09375 0.11749999999999994
1 0.56328125 0.903828125 0.10250000000000004 0.09875
1 0.6391796875 0.9640234375 0.13124999999999998 0.06125000000000003
1 0.650078125 0.84859375 0.09875 0.11749999999999994
1 0.6633984375 0.7210546875 0.09249999999999992 0.09999999999999998
1 0.690625 0.6828515625 0.09375 0.09750000000000003
1 0.7648046875 0.9234375 0.10125000000000006 0.11124999999999996
