1 0.1202734375 0.23855598924731186 0.03 0.056434999999999985
1 0.1222265625 0.11394356989247312 0.03437500000000002 0.03785300000000001
1 0.202109375 0.27563445161290323 0.043125 0.05299400000000001
1 0.2504296875 0.1046093010752688 0.03749999999999998 0.03441199999999999
1 0.260078125 0.33895145161290324 0.03562500000000002 0.05161800000000003
1 0.2846875 0.12977256989247313 0.046875 0.03716500000000002
1 0.2829296875 0.08452164516129032 0.03749999999999998 0.046111
1 0.2984375 0.32884364516129033 0.046875 0.0468
1 0.3128125 0.06654110752688172 0.046875 0.041294
1 0.3341796875 0.02064530107526882 0.03875000000000001 0.035788
1 0.493828125 0.20672591397849463 0.06687499999999996 0.04817600000000002
1 0.4898046875 0.6122649892473119 0.03750000000000003 0.056434999999999895
1 0.5178125 0.5736384516129032 0.046875 0.052994000000000076
1 0.5975 0.7424265268817205 0.03249999999999997 0.06194099999999991
1 0.659375 0.8663957634408602 0.03125 0.03028199999999994
1 0.6849609375 0.46894191397849466 0.04500000000000004 0.04817599999999998
1 0.6984375 0.4288528387096774 0.046875 0.04060500000000001
1 0.7318359375 0.30660445161290323 0.04625000000000001 0.05299400000000001
1 0.833828125 0.9074304516129031 0.036250000000000004 0.05161800000000009
1 0.9449609375 0.9475636451612903 0.04625000000000001 0.04611100000000003
1 0.9423046875 0.805185182795699 0.03875000000000006 0.049553000000000014
