2 0.6570609375 0.3210971875 0.23365999999999998 0.24183
2 0.1531163125 0.57590425 0.245098 0.290849
2 0.1903408125 0.33486499999999997 0.259803 0.218954
2 0.21453068749999998 0.792586 0.25653600000000004 0.28268000000000004
2 0.277637625 0.146918625 0.238562 0.240196
2 0.338171375 0.4858110625 0.199347 0.23692799999999997
2 0.4190988125 0.6961618125 0.259804 0.29248300000000005
2 0.4319274375 0.3005701875 0.21732100000000004 0.21078499999999997
2 0.525327 0.8849575 0.251634 0.17320200000000008
2 0.5609740624999999 0.50870625 0.236929 0.227124
2 0.555964 0.19965906249999998 0.12581699999999996 0.17483700000000002
2 0.7183228125 0.629302125 0.32352900000000007 0.22385599999999994
2 0.790952 0.850809125 0.28268000000000004 0.25490199999999996
2 0.8149570625 0.2430620625 0.20588300000000004 0.205882
2 0.815053 0.4516889375 0.15686299999999997 0.140523
2 0.8738194375 0.6508440625 0.18627399999999994 0.23692799999999992
2 0.930262125 0.404245375 0.06699299999999997 0.16830099999999998
