2 0.36651041666666667 0.448203125 0.388333 0.2856250000000001
2 0.0625 0.26937500000000003 0.126667 0.18812500000000001
2 0.17276075 0.0244140625 0.24416600000000002 0.049375
2 0.4813024166666667 0.1837109375 0.295833 0.20187499999999997
2 0.5965104166666667 0.5358984375 0.38916700000000004 0.49875
2 0.6182295 0.064453125 0.20499999999999993 0.129375
2 0.6836979166666667 0.2616015625 0.24833299999999983 0.19
2 0.8665625 0.1590234375 0.20500000000000007 0.155
2 0.9262496666666666 0.8453515625 0.1458340000000001 0.28500000000000003
2 0.9590625 0.21234375 0.07916699999999999 0.15000000000000002
2 0.9646871666666668 0.43125 0.06833399999999996 0.12624999999999997
