1 0.3235029375 0.381818448023426 0.015333000000000041 0.05599999999999999
1 0.3658876875 0.4964260614934114 0.03866700000000001 0.04800000000000007
1 0.4620751875 0.5239619326500732 0.02200000000000002 0.04600000000000009
1 0.483004875 0.44017715959004394 0.028000000000000025 0.029000000000000022
1 0.4914091875 0.5654260614934115 0.023332999999999993 0.04699999999999992
1 0.4986015625 0.4878901903367497 0.03333300000000006 0.050999999999999955
1 0.49771875 0.33289019033674966 0.02533300000000005 0.051999999999999984
1 0.5060283125 0.5431054172767203 0.026000000000000023 0.03299999999999998
1 0.5178408125 0.28089019033674967 0.04133399999999998 0.04999999999999997
1 0.5313154375 0.349497803806735 0.03066599999999997 0.04199999999999997
1 0.6004609375 0.21028257686676427 0.046667000000000014 0.06100000000000001
1 0.7227421875 0.7792825768667643 0.022666999999999993 0.060000000000000026
1 0.750292 0.7991390922401171 0.03200000000000003 0.07299999999999988
1 0.7648359375 0.47635431918008786 0.015333000000000041 0.054000000000000006
1 0.8085546875 0.4674260614934114 0.03866700000000001 0.04799999999999999
1 0.8184609375 0.5513543191800878 0.04533299999999996 0.05499999999999999
1 0.86238575 0.5578901903367497 0.02400000000000002 0.049999999999999885
1 0.9206953125 0.5252825768667643 0.02733299999999994 0.06000000000000011
1 0.936292 0.3497467057101025 0.031332999999999944 0.062000000000000006
