1 0.04296875 0.06565828257686677 0.086875 0.12288900000000001
1 0.046875 0.4099535036603221 0.095625 0.19418399999999994
1 0.05078125 0.07218012298682284 0.101875 0.09568499999999999
1 0.052734375 0.21888211713030747 0.10625 0.18667899999999998
1 0.068359375 0.2149016017569546 0.138125 0.17354599999999998
1 0.0751953125 0.6767736573938508 0.151875 0.31144499999999997
1 0.080078125 0.68368243045388 0.16125 0.33020600000000006
1 0.0482421875 0.41629198828696934 0.08437499999999999 0.1819889999999999
1 0.1852734375 0.8608931112737921 0.27937500000000004 0.2757969999999999
1 0.1809375 0.8590161112737922 0.265625 0.2776739999999999
1 0.1658203125 0.4704033748169839 0.15125 0.192307
1 0.194140625 0.07174231332357248 0.20875 0.146341
1 0.19609375 0.07297892679355784 0.21125 0.135084
1 0.18421875 0.4593297306002928 0.18062500000000004 0.17823699999999995
1 0.233046875 0.23989733235724742 0.278125 0.349906
1 0.2346875 0.23966981698389456 0.265625 0.338649
1 0.3263671875 0.5596882957540263 0.30375 0.41744899999999996
1 0.3302734375 0.5571729092240116 0.31125 0.40994300000000006
1 0.41515625 0.06588579795021962 0.22687500000000005 0.133208
1 0.4250390625 0.06922592679355784 0.23750000000000004 0.13696099999999997
1 0.4320703125 0.7093522035139092 0.24562500000000004 0.34803
1 0.433984375 0.7066524612005857 0.23062499999999997 0.35178200000000004
1 0.47875 0.7603509765739385 0.28312499999999996 0.3639780000000001
1 0.3873046875 0.3125144787701318 0.06937499999999996 0.080676
1 0.448671875 0.2034420248901903 0.18375000000000002 0.11538500000000002
1 0.4390625 0.2047227979502196 0.140625 0.13227
1 0.4888671875 0.7469904612005857 0.24062499999999998 0.35178200000000004
1 0.4132421875 0.20426676720351392 0.08562499999999995 0.10975600000000002
1 0.5408203125 0.37175546120058567 0.27687500000000004 0.35178200000000004
1 0.5504296875 0.3634267188872621 0.25750000000000006 0.3592869999999999
1 0.620625 0.9013530863836017 0.28312500000000007 0.16228800000000004
1 0.6241015624999999 0.8978717613469985 0.284375 0.20075099999999999
1 0.5260546875000001 0.8765319941434846 0.06875000000000003 0.09193300000000006
1 0.6582421875 0.07174231332357248 0.2718750000000001 0.144465
1 0.6548828125 0.07174231332357248 0.26125 0.144465
1 0.6303125 0.5887156325036603 0.20499999999999996 0.197936
1 0.6575 0.29458672474377745 0.25125 0.26735400000000004
1 0.656875 0.5932923748169839 0.15749999999999997 0.190431
1 0.8223046875 0.7818828169838946 0.3500000000000001 0.33864999999999984
1 0.8019140625 0.31244616691068816 0.23687500000000006 0.413696
1 0.8114453125 0.5714965768667642 0.1206250000000001 0.06003699999999999
1 0.8880859375 0.0951683748169839 0.2025 0.19230799999999998
1 0.8905859375 0.09809663250366032 0.20124999999999993 0.197936
1 0.906484375 0.4967135344070278 0.16874999999999996 0.21951199999999998
1 0.9119140625 0.49355676134699855 0.17437500000000006 0.20075099999999999
1 0.912265625 0.8581923689604686 0.11499999999999999 0.2814259999999999
1 0.9267578125 0.7972086515373353 0.135625 0.40243899999999994
1 0.9365234375 0.8021972650073207 0.12437500000000001 0.3930579999999999
1 0.9525 0.28962404978038064 0.09375 0.230769
1 0.9545703125 0.2983215036603221 0.08875 0.19606
