2 0.5525616875 0.4214851875 0.19444499999999998 0.21078499999999994
2 0.0799125 0.586806 0.080065 0.06372499999999992
2 0.150225 0.6948338125 0.220588 0.135621
2 0.162492125 0.3043875625 0.13071899999999997 0.09640500000000002
2 0.2288095 0.3838335 0.14215699999999998 0.078432
2 0.2549716875 0.407271 0.132353 0.125817
2 0.3517351875 0.40612275 0.11601300000000003 0.212418
2 0.4034415 0.3050258125 0.080065 0.10457500000000003
2 0.4237453125 0.4768755625 0.05718899999999999 0.12745100000000004
2 0.44620625 0.2191398125 0.10294099999999995 0.07352899999999998
2 0.4860605 0.3171020625 0.11111099999999996 0.11274499999999998
2 0.556373 0.88140875 0.25 0.14869200000000005
2 0.627349 0.2467259375 0.21895399999999998 0.16993400000000003
2 0.68206175 0.391250125 0.14869299999999996 0.129085
