1 0.2784375 0.29000033333333336 0.015625 0.04333299999999999
1 0.3298828125 0.25265591666666665 0.010624999999999996 0.030834000000000028
1 0.33640625 0.34182291666666664 0.008124999999999993 0.02999999999999999
1 0.3762890625 0.23291666666666666 0.01937500000000003 0.022500000000000003
1 0.399609375 0.26588575 0.012500000000000011 0.025833000000000068
1 0.4246875 0.25916633333333333 0.015625 0.041667000000000044
1 0.44375 0.36505174999999995 0.03125 0.02416700000000005
1 0.446015625 0.15859408333333333 0.02062499999999995 0.034999999999999996
1 0.4500390625 0.34838575 0.01937500000000003 0.025832999999999995
1 0.466484375 0.40453125 0.011874999999999969 0.04083300000000004
1 0.4868359375 0.16619825 0.014375000000000027 0.041666000000000016
1 0.519765625 0.46802083333333333 0.020625000000000004 0.027500000000000007
1 0.5180859375 0.07682291666666667 0.01375000000000004 0.030833
1 0.542734375 0.171458 0.013125000000000053 0.03250000000000001
1 0.5536328125 0.4369795 0.011250000000000093 0.017499999999999998
1 0.5565625 0.23182291666666666 0.016249999999999987 0.030833
1 0.5575390625 0.3009899166666667 0.01937500000000003 0.029165999999999952
1 0.5603125 0.46098991666666667 0.015625 0.029166000000000025
1 0.5719921875 0.34703124999999996 0.02312499999999995 0.04
1 0.5725390625 0.19072916666666664 0.01937500000000003 0.036667000000000005
1 0.5730078125 0.12109408333333332 0.011249999999999982 0.035833000000000025
1 0.5877734375 0.23869825 0.030625000000000013 0.04
1 0.5954296875 0.057292 0.006249999999999978 0.031666
1 0.60265625 0.09411458333333333 0.009375000000000022 0.01916699999999999
1 0.6302734375 0.22848991666666665 0.030000000000000027 0.030833
1 0.632109375 0.32776008333333334 0.012500000000000067 0.035833999999999956
1 0.6323828125 0.2994795 0.011250000000000093 0.015832999999999986
1 0.6378125 0.6496354166666666 0.015625 0.04666700000000009
1 0.6503125 0.32776008333333334 0.015625 0.035833999999999956
1 0.6524609375 0.09692708333333333 0.015000000000000013 0.035833000000000004
1 0.6553515625 0.2957815833333333 0.0024999999999999467 0.019166000000000016
1 0.6796484375 0.22291666666666665 0.030625000000000013 0.022500000000000003
1 0.687109375 0.17442708333333334 0.011874999999999969 0.03416699999999998
1 0.71515625 0.30541666666666667 0.008749999999999925 0.022500000000000003
1 0.7212890625 0.6711982500000001 0.01937500000000003 0.04166599999999998
1 0.7481640625 0.6238024166666666 0.01937500000000003 0.046666000000000096
1 0.7486328125 0.7862496666666666 0.010000000000000009 0.020833999999999946
1 0.7757421875 0.6930208333333333 0.02312499999999995 0.027500000000000007
1 0.7705078125 0.2684899166666666 0.011249999999999982 0.030833000000000037
1 0.7746875 0.3028125 0.015625 0.017499999999999998
1 0.7812109375 0.5098961666666667 0.014374999999999916 0.03750000000000001
1 0.7846875 0.75536425 0.016874999999999973 0.040000000000000036
1 0.829609375 0.06046841666666666 0.012500000000000067 0.04500000000000001
1 0.83890625 0.26828158333333335 0.009375000000000022 0.02083300000000003
1 0.8440625 0.12958366666666665 0.015625 0.022500000000000003
1 0.849140625 0.22869825 0.020625000000000004 0.04083300000000001
1 0.848984375 0.310625 0.012499999999999956 0.03250000000000001
1 0.8567578125 0.1528125 0.010624999999999996 0.017500000000000033
1 0.868046875 0.61838575 0.028750000000000053 0.024165999999999983
1 0.8624609375 0.4480208333333333 0.014375000000000027 0.02750000000000008
1 0.8705859375 0.315625 0.014375000000000027 0.031667000000000035
1 0.872109375 0.07588575 0.013125000000000053 0.025833000000000005
1 0.872109375 0.5026559166666668 0.013125000000000053 0.02916699999999987
1 0.8762890625 0.23088575 0.01937499999999992 0.025832999999999995
1 0.8837890625 0.4401559166666667 0.018124999999999947 0.029166999999999943
1 0.887734375 0.35005175 0.012500000000000067 0.025833999999999985
1 0.8899609375 0.54421875 0.014374999999999916 0.025832999999999995
1 0.8944140625 0.24765591666666667 0.01937500000000003 0.030833999999999955
1 0.90125 0.5991145833333333 0.03125 0.020000000000000018
1 0.903359375 0.35838575 0.012500000000000067 0.025832999999999995
1 0.9016796875 0.29953125 0.007499999999999951 0.040832999999999973
1 0.907109375 0.56671875 0.012499999999999956 0.025832999999999995
1 0.919609375 0.2959899166666667 0.01187500000000008 0.030833
1 0.9225390625 0.367292 0.018125000000000058 0.03333299999999998
1 0.9249609375 0.53421875 0.01375000000000004 0.025832999999999995
1 0.9269140625 0.3734899166666667 0.018125000000000058 0.03083299999999996
1 0.9324609375 0.5862496666666667 0.014374999999999916 0.02083399999999987
1 0.9396875 0.42348991666666663 0.015625 0.030833000000000037
1 0.9399609375 0.6208333333333332 0.014375000000000027 0.041667000000000044
1 0.9480859375 0.4938538333333333 0.014374999999999916 0.02750000000000008
1 0.973984375 0.238125 0.011874999999999969 0.031666999999999966
1 0.984609375 0.23744758333333335 0.012499999999999956 0.01999999999999998
1 0.9848828125 0.378125 0.010000000000000009 0.03250000000000005
