0 0.73328125 0.7499351537335285 0.07062500000000005 0.11725999999999989
0 0.15703125 0.9755840614934114 0.03937499999999999 0.04690400000000002
0 0.17765625 0.28684470571010245 0.04062500000000002 0.062851
0 0.2612109375 0.5893195768667643 0.04500000000000001 0.05910000000000007
0 0.3173046875 0.4665448345534407 0.03749999999999998 0.06566599999999999
0 0.4149609375 0.16624357686676428 0.04624999999999996 0.06097500000000001
0 0.500859375 0.506469963396779 0.043749999999999956 0.06941899999999994
0 0.5209375 0.020497803806734993 0.04750000000000004 0.042214
0 0.5283203125 0.3718679326500732 0.026874999999999982 0.04596600000000004
0 0.5408203125 0.33468670571010245 0.02562500000000001 0.06191400000000004
0 0.573984375 0.3259460922401171 0.043749999999999956 0.07035600000000003
0 0.6780078125 0.36253109224011715 0.04249999999999998 0.07223299999999995
0 0.700859375 0.3194491903367496 0.04375000000000007 0.05159500000000004
0 0.768984375 0.4780293499267936 0.04437499999999994 0.0769239999999999
0 0.8466796875 0.2474888653001464 0.06937499999999996 0.08911800000000003
0 0.842109375 0.6950259633967789 0.04312499999999997 0.06754200000000002
0 0.913125 0.1864687057101025 0.06375000000000008 0.061914
0 0.9498828125 0.5102930614934115 0.041874999999999996 0.047841999999999996
