2 0.6165625 0.5855857979502196 0.109375 0.13227000000000003
2 0.0732421875 0.4655462401171303 0.148125 0.278612
2 0.1171875 0.6530317613469986 0.235625 0.20168799999999992
2 0.061992187500000004 0.969657448023426 0.08499999999999999 0.05722299999999998
2 0.2069140625 0.4366495959004392 0.26875 0.263602
2 0.1466796875 0.9615562210834553 0.09999999999999999 0.074109
2 0.2150390625 0.24370992679355782 0.20625 0.13602300000000003
2 0.58046875 0.5128379590043924 0.836875 0.636961
2 0.244765625 0.9479412518301611 0.11375000000000002 0.09943699999999987
2 0.3215234375 0.09448482869692534 0.15499999999999997 0.155722
2 0.364609375 0.9362022825768668 0.075625 0.12288899999999997
2 0.42109375 0.16733899414348463 0.14875 0.09287100000000002
2 0.439765625 0.9592683499267936 0.11499999999999999 0.07786099999999989
2 0.4558984375 0.9445569633967789 0.12437500000000007 0.06941800000000005
2 0.471640625 0.07613469985358712 0.14625000000000005 0.154784
2 0.51328125 0.9818082884333822 0.10249999999999992 0.03189499999999993
2 0.7028125000000001 0.12884333821376281 0.42250000000000004 0.258912
2 0.5370703125 0.9619680922401171 0.057499999999999996 0.07129499999999998
2 0.697734375 0.9786956749633968 0.07562499999999994 0.03939999999999988
2 0.7398828125 0.9128635402635432 0.10375000000000001 0.12664199999999984
2 0.790859375 0.9448286383601756 0.13812499999999994 0.10694199999999998
2 0.84890625 0.9642569633967789 0.10250000000000004 0.0675420000000001
2 0.9246875 0.9002566691068814 0.14249999999999996 0.13133199999999998
2 0.93203125 0.9592683499267936 0.13375000000000004 0.07786099999999989
2 0.957890625 0.07027818448023426 0.08250000000000002 0.141651
