1 0.398984375 0.7711854923857868 0.075625 0.108943
1 0.0341796875 0.8064238172588833 0.069375 0.06016199999999983
1 0.08078125 0.7438611370558375 0.07125000000000001 0.08211400000000013
1 0.1096875 0.8049566395939086 0.078125 0.04634099999999999
1 0.1187890625 0.6729703147208121 0.08187499999999999 0.09430899999999993
1 0.15718749999999998 0.7476682436548223 0.07937500000000001 0.08943100000000016
1 0.190078125 0.7153070659898477 0.0675 0.07723600000000005
1 0.189765625 0.8145538172588833 0.051875000000000004 0.05853599999999994
1 0.28453125 0.8138996395939087 0.07124999999999998 0.04634099999999985
1 0.316953125 0.7505632791878172 0.0675 0.09268300000000006
1 0.3611328125 0.8087637461928934 0.07374999999999998 0.0552839999999999
1 0.370625 0.6934551370558376 0.06312500000000004 0.08129999999999983
1 0.4401953125 0.8162395685279188 0.05812499999999998 0.041462999999999924
1 0.4884765625 0.7080498172588833 0.03437499999999999 0.060161999999999966
1 0.4904296875 0.7740412081218274 0.03812500000000002 0.087805
1 0.4968359375 0.6892900659898478 0.04500000000000004 0.078049
1 0.5180859375 0.8113615685279189 0.04625000000000001 0.04308899999999995
1 0.559453125 0.7840167817258884 0.03562500000000002 0.056909999999999926
1 0.5737890625 0.818579497461929 0.04937500000000006 0.03658499999999986
1 0.5817578125 0.7218708172588832 0.04125000000000001 0.05853700000000002
1 0.6290234375 0.7851259949238578 0.06187500000000001 0.07235800000000013
1 0.642578125 0.8172113908629441 0.03687499999999999 0.02926799999999997
1 0.66546875 0.7825879238578679 0.055624999999999925 0.06748000000000007
1 0.7005859375 0.818579497461929 0.04625000000000001 0.03658499999999986
1 0.735390625 0.7842149238578681 0.05125000000000002 0.067479
