2 0.293315625 0.728977 0.05094299999999996 0.10227299999999999
2 0.423769125 0.5032757647058823 0.06792499999999996 0.11079500000000007
2 0.42356975 0.4150064117647059 0.05471699999999996 0.09943200000000002
2 0.470805875 0.5597932352941176 0.06037799999999999 0.09375
2 0.47262675 0.38512682352941174 0.054717000000000016 0.09659100000000005
2 0.4868113125 0.4633024117647059 0.05849000000000004 0.09943200000000002
2 0.529296875 0.38258735294117646 0.060377000000000014 0.11363599999999996
2 0.534824625 0.55 0.05094299999999996 0.10227299999999999
2 0.55968425 0.47643752941176465 0.07169800000000004 0.11931799999999998
2 0.710826625 0.7588565882352941 0.08301899999999995 0.10511400000000004
2 0.7441446875 0.6612968823529412 0.10000000000000009 0.13068200000000002
