1 0.0458984375 0.7505612697947214 0.092188 0.08920200000000006
1 0.05078125 0.23205705865102638 0.103125 0.150235
1 0.13671875 0.18035190615835778 0.273438 0.361502
1 0.1494140625 0.7073983665689149 0.3 0.18544600000000003
1 0.0513676875 0.11117575073313782 0.101562 0.11502300000000001
1 0.069921875 0.05278592375366569 0.09062500000000001 0.107981
1 0.113672375 0.21475792375366567 0.043748999999999996 0.107981
1 0.14609375 0.7370754105571847 0.0875 0.04694800000000006
1 0.159765625 0.27051716715542523 0.114062 0.077465
1 0.1818359375 0.14226271260997067 0.10781300000000002 0.16901500000000003
1 0.2158203125 0.6906915777126099 0.089063 0.1244130000000001
1 0.2380864375 0.0950467184750733 0.062499 0.08450700000000003
1 0.269141125 0.6672311671554252 0.035937 0.07746500000000005
1 0.6365234375 0.312316715542522 0.5296879999999999 0.626761
1 0.4263676875 0.017595307917888565 0.03906200000000004 0.035211
1 0.437890125 0.08330971847507332 0.03593799999999997 0.082159
1 0.4564453125 0.14317161583577712 0.057813 0.07277000000000002
1 0.452734375 0.36411799413489737 0.043749999999999956 0.08685499999999999
1 0.4593745 0.4524392697947214 0.046875 0.08920199999999998
1 0.4607416875 0.03841934017595308 0.03750100000000001 0.068075
1 0.492577625 0.06570661583577712 0.051563000000000025 0.07277
1 0.514062 0.3708580263929619 0.06250100000000003 0.11971800000000003
1 0.509375 0.21272748093841642 0.03281299999999998 0.02816900000000002
1 0.512108875 0.14492726979472143 0.028125999999999984 0.08920199999999999
1 0.52578075 0.43220758357771266 0.05625099999999994 0.039906
1 0.523828125 0.026392961876832845 0.035938000000000025 0.053991
1 0.5482421875 0.18835137243401764 0.05312499999999998 0.10093900000000001
1 0.551562 0.10208871847507331 0.03125 0.08215900000000002
1 0.55703125 0.04869685923753666 0.04062500000000002 0.042254
1 0.58984375 0.42221164809384165 0.05625000000000002 0.10328599999999998
1 0.5724609375 0.02346041055718475 0.014061999999999908 0.046948
1 0.58984325 0.1282126862170088 0.04062499999999991 0.05164400000000001
1 0.601562 0.3374152697947214 0.06406299999999998 0.08920199999999998
1 0.60859375 0.18541882111436953 0.05624999999999991 0.09624399999999998
1 0.603125 0.03841934017595308 0.03125 0.068075
1 0.6091796875 0.10561361583577712 0.03906200000000004 0.07276900000000001
1 0.6599609375 0.4354285131964809 0.04531300000000005 0.061033
1 0.663671375 0.349159064516129 0.043751000000000095 0.06572799999999998
1 0.66953075 0.23089375073313784 0.05625100000000005 0.11502299999999999
1 0.6937505 0.3990270263929619 0.078125 0.11971799999999999
1 0.692578625 0.17075606451612904 0.051562 0.065727
1 0.73046825 0.4946922697947214 0.07031299999999996 0.08920199999999998
1 0.755078625 0.34063719941348974 0.051562 0.11032899999999997
1 0.7912109375 0.44157619941348975 0.07656199999999991 0.11032899999999997
1 0.807421375 0.5304956158357771 0.07499999999999996 0.07277000000000002
1 0.8279291875 0.38758519941348973 0.05312600000000001 0.11032900000000005
1 0.8634770625 0.4941009237536657 0.08125000000000004 0.10798099999999997
