1 0.474296875 0.7262890625 0.15250000000000002 0.11187499999999995
1 0.14109375000000002 0.5616015624999999 0.11750000000000001 0.128125
1 0.33046875 0.673828125 0.11812500000000004 0.13
1 0.3353515625 0.5981640625 0.09750000000000003 0.08187500000000003
1 0.3562109375 0.53984375 0.10812500000000003 0.08687499999999998
1 0.4466796875 0.5821875 0.10062500000000002 0.109375
1 0.63203125 0.47984375 0.10249999999999992 0.11812500000000004
1 0.6893359375 0.787109375 0.10812500000000003 0.13812500000000005
1 0.672890625 0.4248828125 0.05125000000000002 0.07375000000000004
1 0.7303515625 0.5192187500000001 0.12812500000000004 0.11812499999999998
1 0.733515625 0.412734375 0.083125 0.10562500000000002
1 0.75734375 0.346953125 0.05625000000000002 0.03562500000000002
1 0.8250390625 0.38015625 0.11249999999999993 0.13312500000000005
1 0.8458984375 0.4992578125 0.12312499999999993 0.13624999999999998
1 0.8925390625 0.411875 0.04937499999999995 0.09562500000000002
