2 0.865 0.23458333333333334 0.25187499999999996 0.3549999999999999
2 0.1171875 0.41223925 0.235625 0.384167
2 0.262890625 0.87609375 0.3025 0.24416700000000002
2 0.321875 0.6057815833333333 0.34375 0.394166
2 0.30984375 0.26286458333333335 0.180625 0.3325
2 0.5246875 0.306042 0.360625 0.594166
2 0.5259375 0.83046875 0.2675 0.3366670000000001
2 0.5923828125 0.5772395833333334 0.19874999999999998 0.3016670000000001
2 0.7708984375 0.713958 0.34187500000000004 0.5324999999999999
2 0.6912890625 0.31635383333333333 0.11250000000000004 0.2775
2 0.79453125 0.49432325000000005 0.22749999999999992 0.196666
2 0.850546875 0.8689062499999999 0.21562499999999996 0.25916700000000015
