2 0.550625 0.5330660530846485 0.09499999999999997 0.1636030000000001
2 0.556171875 0.40559989239598276 0.09125000000000005 0.15716899999999998
2 0.5893359375 0.6755735351506457 0.10812500000000003 0.19209600000000002
2 0.647109375 0.3520000530846485 0.07437499999999997 0.165441
2 0.67 0.4848677733142037 0.09499999999999997 0.16819900000000004
2 0.6879296875 0.6243498923959828 0.09999999999999998 0.15625
2 0.7135546875 0.7583614935437589 0.10125000000000006 0.17095599999999994
2 0.7603515625 0.40750585078909607 0.09750000000000003 0.13510999999999998
2 0.778046875 0.5514480530846485 0.09124999999999994 0.16452199999999997
2 0.8740234375 0.48901501147776183 0.09187500000000004 0.14522100000000002
2 0.916328125 0.611078612625538 0.09875 0.15808800000000003
