1 0.1314453125 0.7281710190895742 0.213125 0.268109
1 0.17820312500000002 0.9383231512481645 0.130625 0.11947300000000007
1 0.243828125 0.11600587371512482 0.1925 0.232361
1 0.23125 0.321018295154185 0.09437499999999999 0.13358399999999998
1 0.364453125 0.5481464464023496 0.16125 0.25211700000000004
1 0.39578125 0.7732570205580029 0.19625000000000004 0.29068700000000003
1 0.401328125 0.29527330249632894 0.16125 0.23706499999999997
1 0.4176171875 0.09551686930983846 0.14750000000000002 0.173095
1 0.49203125 0.9274925814977973 0.19624999999999998 0.14205100000000012
1 0.5444921875 0.0763582966226138 0.14750000000000002 0.155221
1 0.5617578125 0.33407343759177677 0.135625 0.12699900000000006
1 0.64546875 0.4865168766519824 0.2124999999999999 0.2756350000000001
1 0.706640625 0.9130148693098384 0.20750000000000002 0.17121300000000014
1 0.6846875 0.1516621556534508 0.11124999999999996 0.179681
1 0.748359375 0.6811571585903083 0.13812499999999994 0.22201400000000007
1 0.7962890625 0.05726872246696035 0.14312500000000006 0.11665100000000002
1 0.8055859375 0.4097218693098384 0.10750000000000004 0.171214
1 0.9101171875 0.8434457283406754 0.17812499999999998 0.1984950000000001
1 0.9173046875 0.9555090058737151 0.16312499999999996 0.08466600000000003
1 0.9393359375 0.0513950073421439 0.04625000000000001 0.10442100000000001
1 0.984296875 0.18192587224669604 0.028750000000000053 0.211666
