0 0.12997875 0.5658386875 0.212418 0.25653499999999996
0 0.125753375 0.363319625 0.199346 0.20751600000000003
0 0.037543625 0.8786315625 0.021242 0.06536000000000008
0 0.0652256875 0.774803875 0.068627 0.18463999999999992
0 0.2261545 0.9043029375 0.32843100000000003 0.13888900000000004
0 0.4117458125 0.272556875 0.5114380000000001 0.496732
0 0.2469935625 0.57891675 0.03431399999999998 0.08660100000000004
0 0.4268345625 0.7866306875 0.315359 0.320261
0 0.4396510625 0.952219125 0.11274499999999998 0.03594699999999995
0 0.6152535625 0.9377746875 0.22222200000000003 0.07026100000000002
0 0.75143 0.6281599375 0.43790799999999996 0.638888
0 0.6004203125 0.0368478125 0.11928099999999997 0.042484
0 0.6587201875 0.07634456249999999 0.053921999999999914 0.065359
0 0.781543875 0.07951662500000001 0.24673199999999995 0.11437899999999998
0 0.936479 0.048924062500000004 0.06372500000000003 0.05065299999999999
