2 0.174140625 0.5081484452554744 0.20750000000000002 0.25163699999999994
2 0.214140625 0.731863489051095 0.23875 0.21047699999999997
2 0.274609375 0.5310806131386862 0.231875 0.22825099999999995
2 0.2815625 0.3241325474452555 0.234375 0.28999100000000005
2 0.4268359375 0.25096946715328466 0.23312499999999997 0.23199199999999998
2 0.40890625 0.8119440291970802 0.164375 0.23947600000000002
2 0.454921875 0.45876652554744535 0.2475 0.311507
2 0.473671875 0.675183299270073 0.185 0.256314
2 0.5657421874999999 0.4321073430656934 0.179375 0.21515399999999998
2 0.6383984375 0.8121554598540146 0.311875 0.3723109999999999
2 0.625625 0.1427832408759124 0.21875 0.175865
2 0.727265625 0.36814123357664236 0.3025 0.31805399999999995
2 0.7432421875 0.5461890218978102 0.27312499999999995 0.3797940000000001
