2 0.22265675 0.665234375 0.15 0.13749999999999996
2 0.361328625 0.7333989375 0.176562 0.17031200000000002
2 0.3812495 0.5646484375 0.11093799999999998 0.15468699999999996
2 0.4666010625 0.6031245 0.20625000000000004 0.1734380000000001
2 0.4017578125 0.4724609375 0.073438 0.10781299999999999
2 0.4876953125 0.4873051875 0.15156199999999997 0.11562500000000003
2 0.5306640625 0.7390625 0.20625000000000004 0.2046880000000001
2 0.5828125 0.49609425 0.1421880000000001 0.19687399999999994
2 0.630078625 0.64140575 0.145312 0.17968799999999996
2 0.70234375 0.7607421875 0.11718799999999996 0.11718700000000004
2 0.7041015625 0.19296925 0.09687500000000004 0.103124
2 0.742578125 0.63671825 0.16093800000000003 0.1343749999999999
2 0.7669921875 0.2093745 0.05312499999999998 0.07968800000000001
2 0.8203125 0.243359375 0.078125 0.10625000000000001
2 0.930078125 0.239063 0.09843800000000003 0.09531199999999998
2 0.9755859375 0.2498051875 0.04531300000000005 0.11718700000000001
