2 0.243515625 0.6136989439528023 0.176875 0.16241700000000006
2 0.27921874999999996 0.6347783451327434 0.15 0.10670399999999997
2 0.2987109375 0.5597027551622419 0.13937500000000003 0.13125599999999996
2 0.327734375 0.6561539675516224 0.10562499999999997 0.043437000000000094
2 0.3490625 0.6778012713864306 0.14125 0.11048199999999998
2 0.3604296875 0.508657418879056 0.10125 0.10481599999999999
2 0.4594921875 0.5557843628318584 0.17874999999999996 0.268177
2 0.48140625 0.7058422300884956 0.133125 0.07176600000000002
2 0.5075000000000001 0.5174189203539823 0.15750000000000003 0.28517499999999996
2 0.59296875 0.6819298289085545 0.11874999999999991 0.12747900000000004
2 0.6603515625 0.42612014159292033 0.19062499999999993 0.27667600000000003
2 0.6878125 0.5463577227138643 0.20499999999999996 0.17185999999999998
2 0.7203125 0.6976856076696165 0.171875 0.13692200000000002
2 0.7386328125 0.5274635427728613 0.10499999999999998 0.22096300000000005
2 0.8196875 0.7052406076696166 0.078125 0.13597700000000001
2 0.812265625 0.5811255339233039 0.05125000000000002 0.14069799999999996
2 0.90484375 0.6773175014749262 0.15000000000000002 0.18130300000000016
