2 0.0185546875 0.7842190833333333 0.0375 0.06666599999999996
2 0.021484375 0.7304684166666666 0.04375 0.045000000000000075
2 0.0605859375 0.9614583333333334 0.07750000000000001 0.07416699999999994
2 0.0776953125 0.77734375 0.058124999999999996 0.055000000000000014
2 0.083671875 0.7087499999999999 0.059375000000000004 0.06333300000000008
2 0.1388671875 0.75484375 0.08437499999999999 0.05666699999999988
2 0.15339843749999998 0.9486461666666667 0.093125 0.10000000000000009
2 0.14250000000000002 0.7195312499999998 0.063125 0.0391670000000001
2 0.2316015625 0.9306246666666667 0.06500000000000003 0.11583399999999999
2 0.2846875 0.8907288333333333 0.04812500000000003 0.11999999999999995
2 0.3133984375 0.8549996666666666 0.02999999999999997 0.08583400000000004
2 0.3277734375 0.83713575 0.030000000000000027 0.088333
2 0.33109375 0.8130211666666667 0.024999999999999967 0.06999999999999999
