2 0.39203125 0.5104457169559412 0.22812499999999997 0.182906
2 0.1010546875 0.5565435113484646 0.19437500000000002 0.20085499999999995
2 0.0728125 0.3539856955941255 0.109375 0.15811899999999998
2 0.18839843750000002 0.799261958611482 0.21749999999999997 0.330769
2 0.17042968749999998 0.28219069559412546 0.10124999999999999 0.15982900000000005
2 0.214453125 0.42941733377837116 0.09875000000000003 0.126495
2 0.29734375 0.1907428798397864 0.11812500000000001 0.11623999999999998
2 0.27890625 0.3486004045393859 0.071875 0.08119699999999996
2 0.4891796875 0.930483787716956 0.16250000000000003 0.13675199999999996
2 0.5121484375 0.2608789012016022 0.18687499999999996 0.14017099999999996
2 0.5212890625 0.40575399332443257 0.11249999999999999 0.117948
2 0.67921875 0.3757213978638184 0.15000000000000002 0.19829100000000005
2 0.6844921875 0.2360480640854473 0.11687500000000006 0.073504
2 0.77015625 0.6767326461949266 0.13312500000000005 0.22735000000000005
2 0.891796875 0.8725096675567424 0.21499999999999997 0.25213599999999986
2 0.8471484375 0.1703984966622163 0.12312499999999993 0.058974
2 0.87921875 0.32087033377837115 0.11874999999999991 0.126495
2 0.9258203125 0.2189478798397864 0.11937500000000001 0.115385
2 0.929765625 0.47914039786381846 0.1137499999999999 0.2
2 0.9617578125 0.326043170894526 0.07374999999999998 0.19316199999999994
