1 0.0849609375 0.5632347008547008 0.139844 0.202463
1 0.1724614375 0.5618786666666667 0.061717999999999995 0.13543099999999997
1 0.1822268125 0.5731688547008548 0.042187 0.11217499999999996
1 0.20859375 0.6350644700854701 0.08593799999999999 0.14090299999999997
1 0.31796875 0.5731592820512821 0.08749999999999997 0.16689500000000002
1 0.335546625 0.4640784358974359 0.083594 0.07387100000000002
1 0.3335935 0.6213964358974359 0.04843800000000004 0.07250400000000004
1 0.3681643125 0.5919698803418803 0.05781200000000003 0.16279100000000007
1 0.3904294375 0.4996502222222223 0.030469000000000024 0.04514400000000002
1 0.4451166875 0.41721306837606836 0.100001 0.13953499999999994
1 0.4650388125 0.5645979145299146 0.13515599999999994 0.2311909999999999
1 0.510156 0.4726230512820513 0.063282 0.103967
1 0.558203125 0.6097538803418804 0.09843800000000003 0.16279
1 0.6021479375 0.5577603076923077 0.10781300000000005 0.21751100000000004
1 0.6244145625 0.4103634957264957 0.1281239999999999 0.19425499999999998
1 0.7021481875 0.5338334700854701 0.08515700000000004 0.14227100000000004
1 0.6880859375 0.635408264957265 0.04531299999999994 0.12995899999999996
1 0.7751953125 0.6200150769230769 0.120313 0.15595
1 0.7576171875 0.5235890256410256 0.05312500000000009 0.051984
1 0.8193361875 0.5806844786324786 0.02343699999999993 0.15868699999999997
1 0.8759763125 0.5806749059829059 0.120313 0.213406
