2 0.140625 0.6345692305005821 0.2825 0.360655
2 0.244140625 0.7462391804423748 0.48875 0.504471
2 0.4990234375 0.5004887834691502 0.999375 0.99702
2 0.114375 0.22128778696158324 0.21875 0.335321
2 0.1937109375 0.32970425145518045 0.32687499999999997 0.393443
2 0.3060546875 0.08954582654249127 0.35124999999999995 0.176603
2 0.3451953125 0.4211256845168801 0.339375 0.40014900000000003
2 0.43578125 0.17760972409778814 0.290625 0.23844999999999997
2 0.6799609375 0.7810329941792782 0.63875 0.435917
2 0.5194921875 0.08339924912689174 0.241875 0.16617
2 0.6065234374999999 0.5491993958090804 0.28062500000000007 0.394933
2 0.839453125 0.41767755064027945 0.318125 0.41356199999999993
