1 0.1044926875 0.20195278885630502 0.038280999999999996 0.06447799999999998
1 0.1328125 0.19052616715542522 0.04843800000000001 0.07737400000000001
1 0.246094 0.48389313489736074 0.032031000000000004 0.044548999999999964
1 0.2552736875 0.40711078885630503 0.03749999999999998 0.06213399999999998
1 0.285546375 0.47862689149560117 0.043750999999999984 0.073857
1 0.3919916875 0.35963334017595305 0.03828199999999998 0.06799499999999996
1 0.4494140625 0.44580089149560115 0.04999999999999999 0.073857
1 0.4873046875 0.16179951319648095 0.03828100000000001 0.060961000000000015
1 0.491797375 0.10141885923753667 0.04375000000000007 0.042204
1 0.532421625 0.18671589149560117 0.050781999999999994 0.07620099999999998
1 0.583203625 0.5187801671554252 0.051562 0.07737300000000003
1 0.6007815 0.5876528914956013 0.04765600000000003 0.07385699999999992
1 0.6275393125 0.4531291671554252 0.057812000000000086 0.07737400000000001
1 0.6494140625 0.5603956158357771 0.050000000000000044 0.071512
1 0.66718775 0.3188987184750733 0.05546800000000007 0.083236
1 0.6890625 0.6087589941348973 0.04765600000000003 0.08675200000000004
1 0.70859325 0.2928031348973607 0.03906300000000007 0.044549000000000005
1 0.71250025 0.34087534017595306 0.0398440000000001 0.06916800000000004
