2 0.4613671875 0.4947399166666666 0.05437500000000001 0.09333300000000004
2 0.496484375 0.4174479166666667 0.07500000000000007 0.061666999999999916
2 0.51421875 0.6706253333333333 0.08749999999999997 0.20000000000000004
2 0.5255078125 0.5057288333333333 0.104375 0.12083400000000004
2 0.5575390625 0.7882815833333333 0.11250000000000004 0.14416599999999993
2 0.5353515625 0.3812503333333333 0.06624999999999992 0.106666
2 0.5507421875 0.3003645833333333 0.08499999999999996 0.08250000000000002
2 0.5794140625 0.6901038333333332 0.05062499999999992 0.09083400000000008
2 0.5773046875 0.37843783333333336 0.03749999999999998 0.08916600000000001
2 0.622109375 0.5438545 0.10562500000000008 0.11000000000000003
2 0.601171875 0.42875033333333334 0.059374999999999956 0.105833
2 0.6425390625 0.7976565833333332 0.11312499999999992 0.11416599999999999
2 0.6405078125 0.658333 0.104375 0.12583399999999992
2 0.6318359375 0.4622916666666667 0.07625000000000004 0.116667
2 0.6365625 0.7250520833333334 0.07999999999999996 0.06666699999999996
