1 0.1176171875 0.5964248832116789 0.1475 0.24463099999999996
1 0.16550781250000002 0.15529207299270073 0.135 0.20074700000000004
1 0.231953125 0.7145310510948905 0.16187499999999996 0.22035500000000016
1 0.2434375 0.9191681167883211 0.17250000000000001 0.15873000000000018
1 0.4769921875 0.8132146131386861 0.179375 0.229692
1 0.6159375 0.9164858248175182 0.171875 0.16433200000000012
1 0.6578515625 0.5492650510948905 0.15875000000000006 0.22128800000000004
1 0.6333984375 0.16065765693430656 0.09250000000000003 0.18767500000000006
1 0.691015625 0.33690590510948903 0.145625 0.22409
1 0.905078125 0.6103631970802919 0.16125 0.21755400000000003
