2 0.3662109375 0.7603510625 0.13906200000000002 0.11250000000000004
2 0.154296875 0.480078125 0.12187500000000001 0.09843800000000003
2 0.1619145625 0.3955083125 0.12812400000000002 0.12031199999999997
2 0.16953075 0.584375 0.117188 0.12656299999999998
2 0.214453125 0.348046875 0.067187 0.05937500000000001
2 0.241016125 0.2818364375 0.09843700000000002 0.09218699999999999
2 0.51328175 0.448828625 0.61875 0.582812
2 0.2669916875 0.6966801875 0.1 0.08437399999999995
2 0.3087895625 0.27890625 0.06562400000000002 0.103125
2 0.378515625 0.2216791875 0.114062 0.05312499999999998
2 0.4005864375 0.1791015625 0.06093700000000002 0.03437499999999999
2 0.471484375 0.15859375 0.07500000000000001 0.056249999999999994
2 0.510938 0.7927729375 0.125 0.13906300000000005
2 0.533203125 0.1669916875 0.098437 0.06874999999999998
2 0.5962885625 0.1755859375 0.06562500000000004 0.07656199999999999
2 0.6322270625 0.8087890625 0.1124989999999999 0.08124999999999993
2 0.69453125 0.2062495 0.10312499999999991 0.11093800000000001
2 0.7392583125 0.7796875 0.12031200000000009 0.078125
2 0.74921875 0.2640625 0.08593799999999996 0.11093699999999998
2 0.8046875 0.34140625 0.11093699999999995 0.13281299999999996
2 0.797265625 0.7185546875 0.08281300000000003 0.10000000000000009
2 0.856640625 0.6263676875 0.176562 0.09999899999999995
2 0.86484325 0.43671925 0.10156300000000007 0.103124
2 0.875390625 0.35703175 0.051563000000000025 0.05625000000000002
2 0.8937505 0.5529296875 0.07968699999999995 0.09999999999999998
2 0.9103515625 0.4716796875 0.06562499999999993 0.06874999999999998
