2 0.3913671875 0.3325340588235294 0.14687500000000003 0.18814700000000006
2 0.068359375 0.6439709411764705 0.1375 0.16745100000000004
2 0.0712890625 0.4698167647058823 0.14375 0.15992399999999996
2 0.083984375 0.29054717647058825 0.168125 0.15804300000000002
2 0.06703125 0.8959801764705883 0.13312500000000002 0.20602000000000006
2 0.1032421875 0.09411764705882353 0.148125 0.189087
2 0.205703125 0.9275962352941176 0.16062500000000002 0.14205100000000007
2 0.2301953125 0.07205882352941176 0.11937499999999998 0.146754
2 0.331328125 0.5159770588235294 0.16062500000000002 0.18626500000000004
2 0.3746484375 0.07352941176470588 0.15500000000000003 0.148636
2 0.45515625 0.6566984705882354 0.133125 0.28316100000000005
2 0.5053515625 0.46535011764705886 0.19062499999999993 0.172155
2 0.5265625 0.08088235294117647 0.14125000000000004 0.164628
2 0.70234375 0.09852941176470588 0.14874999999999994 0.199436
2 0.807421875 0.176199 0.21500000000000008 0.202258
2 0.8068359375 0.35698264705882354 0.1712499999999999 0.14110999999999996
2 0.8376171875 0.498406705882353 0.17812499999999998 0.22483500000000003
