0 0.22645833333333334 0.1729296875 0.075 0.03874999999999998
0 0.25182325 0.202265625 0.07083299999999997 0.05124999999999999
0 0.34880175 0.5914453125 0.08666699999999998 0.05812499999999998
0 0.3778645833333334 0.794296875 0.08249999999999995 0.059374999999999956
0 0.39749966666666664 0.84375 0.08416700000000003 0.06312499999999999
0 0.40546875 0.6140234375 0.08666699999999998 0.06125000000000003
0 0.4065625 0.5628125 0.07916699999999999 0.04749999999999999
0 0.4184378333333334 0.30859375 0.08916599999999993 0.05625000000000002
0 0.44489550000000005 0.832890625 0.08 0.05125000000000002
0 0.4527604166666666 0.2305859375 0.07750000000000005 0.04562499999999997
0 0.44864583333333335 0.0273046875 0.059167000000000046 0.0375
0 0.45515625 0.271875 0.07250000000000001 0.06312500000000001
0 0.545208 0.42046875 0.22083399999999997 0.18124999999999997
0 0.5041149166666666 0.2651953125 0.061666 0.05812499999999998
0 0.5327604166666666 0.2032421875 0.07750000000000005 0.053125000000000006
0 0.6116666666666667 0.168515625 0.08416700000000003 0.05249999999999999
0 0.61963575 0.114296875 0.08666599999999991 0.059375
0 0.6706253333333333 0.14796874999999998 0.07500000000000002 0.05500000000000001
0 0.6680725833333333 0.543984375 0.051666999999999984 0.04437500000000005
0 0.7013024166666666 0.532265625 0.04583300000000001 0.05125000000000002
