1 0.27929725 0.3242188333333333 0.07226500000000002 0.08984400000000008
1 0.324219 0.38541700000000007 0.03320300000000004 0.06510399999999998
1 0.3583988125 0.3489579166666667 0.04199200000000003 0.06119799999999994
1 0.421875125 0.3424481666666666 0.03613299999999997 0.06901000000000002
1 0.438477 0.4374995 0.03222599999999998 0.046875999999999994
1 0.4960935625 0.4205730833333334 0.034180000000000044 0.036457999999999956
1 0.635742 0.6184896666666666 0.063477 0.053385000000000016
1 0.7109371875 0.18880241666666667 0.05371099999999995 0.07682300000000002
1 0.8173826875 0.13671841666666668 0.038086000000000064 0.07812499999999999
1 0.838867625 0.21223925 0.05273399999999995 0.07161500000000003
1 0.87011675 0.28776075 0.05468799999999996 0.05729099999999998
1 0.951172 0.32682283333333334 0.06347599999999998 0.058594
1 0.949218625 0.686198 0.05175799999999997 0.0625
1 0.9726560625 0.54947875 0.050780999999999965 0.08593799999999992
1 0.9853513125 0.27343725 0.02636700000000003 0.07031299999999996
