2 0.8046875 0.20032169399707173 0.14187499999999997 0.244841
2 0.4923046875 0.48836657101024894 0.09999999999999998 0.150094
2 0.5842578125 0.20007595754026355 0.135625 0.15853700000000004
2 0.5851953125 0.9267511844802344 0.11937500000000001 0.14258899999999983
2 0.6001171875 0.5086186383601757 0.11562499999999998 0.10788000000000005
2 0.67390625 0.531904503660322 0.07187499999999991 0.19418400000000002
2 0.7045703125 0.9286271844802343 0.12062499999999998 0.14071299999999987
2 0.728984375 0.6102215344070278 0.13687499999999997 0.2176360000000001
2 0.8776953125 0.60047282284041 0.15125 0.24765500000000001
2 0.8846484375 0.934851411420205 0.09312500000000001 0.12570399999999995
2 0.934453125 0.533071019033675 0.06812499999999999 0.20637899999999992
