1 0.28328125000000004 0.29125022222222224 0.29000000000000004 0.51
1 0.0859375 0.7739583333333333 0.173125 0.4488889999999999
1 0.3355078125 0.7675697777777777 0.291875 0.46222199999999997
1 0.381875 0.09375 0.15812499999999996 0.187778
1 0.5754296875 0.32784722222222223 0.31875 0.47666700000000006
1 0.6449609375 0.7591666666666668 0.26374999999999993 0.45999999999999996
1 0.696484375 0.19722255555555554 0.16812499999999997 0.364444
1 0.8215625 0.9240276666666666 0.296875 0.14777800000000005
1 0.8884765625 0.31416700000000003 0.22125000000000006 0.3755549999999999
1 0.8902734375 0.6855552222222223 0.21750000000000003 0.444445
