2 0.8171878333333332 0.3699609375 0.15333300000000008 0.10875000000000001
2 0.47989583333333335 0.6077734375 0.12166700000000004 0.06125000000000003
2 0.5007291666666667 0.78640625 0.16333299999999995 0.13375000000000004
2 0.48156283333333333 0.6644140625 0.12000000000000004 0.04999999999999993
2 0.48546908333333333 0.39546875 0.12999999999999998 0.08750000000000002
2 0.4884371666666667 0.5199609375 0.13166699999999998 0.10749999999999998
2 0.49026075 0.10921875 0.11833300000000002 0.0875
2 0.4906246666666667 0.201171875 0.11499999999999992 0.09125
2 0.5040104166666667 0.93984375 0.13999999999999999 0.11750000000000005
2 0.4954163333333333 0.29046875 0.10666700000000007 0.08625
2 0.5063544999999999 0.0234375 0.11166599999999997 0.04875
2 0.7630205 0.0234375 0.11000000000000003 0.04875
2 0.7730205 0.1909765625 0.11000000000000003 0.065
2 0.7744791666666666 0.1018359375 0.09999999999999994 0.07749999999999999
2 0.7913545000000001 0.2682421875 0.10999999999999988 0.08500000000000002
2 0.8151041666666666 0.5041015625 0.1316669999999999 0.09625
2 0.8381250000000001 0.642265625 0.15833299999999983 0.0837500000000001
2 0.873125 0.7783984375 0.15666699999999997 0.09249999999999992
2 0.8873961666666667 0.9401171875 0.161666 0.11625000000000008
