1 0.4159765625 0.8200636383601757 0.06562500000000004 0.10600299999999996
1 0.4894140625 0.45386786530014633 0.080625 0.0881800000000001
1 0.557734375 0.6557661595900439 0.013124999999999942 0.029081000000000006
1 0.6013671875 0.026538674963396777 0.053750000000000075 0.038461
1 0.60234375 0.4030534480234261 0.05500000000000005 0.05722299999999998
1 0.5865625 0.6693110307467057 0.016874999999999973 0.025328999999999935
1 0.6253125 0.6352424172767204 0.016249999999999987 0.03470899999999994
1 0.64046875 0.6755804172767204 0.024374999999999925 0.03283300000000008
1 0.6755859375 0.7161459326500732 0.015000000000000013 0.04408999999999993
1 0.6894921875 0.6864255461200586 0.023125000000000062 0.03658499999999998
1 0.7215625 0.22703522108345534 0.04749999999999999 0.075046
1 0.7907421875 0.21971457686676427 0.02312499999999995 0.06003699999999999
1 0.8648828125 0.08526996339677892 0.073125 0.069418
1 0.8588671875 0.5722070614934114 0.05437499999999995 0.04971800000000003
