2 0.653671875 0.5218419934640524 0.12124999999999997 0.15313799999999994
2 0.025390625 0.06589030718954249 0.05125 0.07364
2 0.0478515625 0.02875816993464052 0.0975 0.058577000000000004
2 0.060546875 0.9194353725490196 0.121875 0.15815899999999997
2 0.1796875 0.2323298300653595 0.36 0.34309599999999996
2 0.096484375 0.8435040653594772 0.10562500000000001 0.08451799999999994
2 0.109375 0.9774000326797386 0.06437499999999999 0.04184100000000003
2 0.1784375 0.9210049934640524 0.14125000000000001 0.15313800000000002
2 0.197890625 0.7748731307189541 0.114375 0.16903800000000002
2 0.36312500000000003 0.12785307843137253 0.34375 0.18075300000000002
2 0.2323046875 0.8657312549019608 0.06937500000000002 0.08786600000000015
2 0.275390625 0.7637486013071895 0.14625 0.45020900000000014
2 0.28414062500000004 0.8959556666666668 0.11437499999999998 0.134728
2 0.4707421875 0.6232610130718954 0.3975 0.497908
2 0.45921875 0.023529411764705882 0.05562499999999998 0.049372
2 0.5000781249999999 0.9753602222222223 0.06812500000000005 0.04602499999999996
2 0.5236328125 0.023529411764705882 0.07312500000000005 0.04769899999999999
2 0.5408984375 0.0820517385620915 0.06187500000000001 0.06778300000000001
2 0.59046875 0.02875816993464052 0.055625000000000036 0.058577000000000004
2 0.600546875 0.07671960130718954 0.05999999999999994 0.051046
2 0.7869140625 0.7609214967320262 0.42437500000000006 0.47615
2 0.6282421875 0.29475782352941177 0.08499999999999996 0.096234
2 0.643046875 0.04627649673202614 0.05874999999999997 0.076151
2 0.6913671875 0.3639513921568628 0.08499999999999996 0.10292900000000002
2 0.7223828125 0.4431919281045752 0.07250000000000001 0.07029299999999997
2 0.7350390625 0.20292054901960782 0.05062500000000003 0.06527200000000002
2 0.76671875 0.3896846339869281 0.08625000000000005 0.09288700000000001
2 0.7890234375 0.18273316993464053 0.061249999999999916 0.058576999999999976
2 0.7925 0.2268217385620915 0.06437500000000007 0.06694599999999998
2 0.7993359375 0.30312582352941175 0.07687500000000003 0.096234
2 0.8440625 0.2738368235294118 0.07937499999999997 0.09623499999999997
2 0.8907421875 0.43272944444444444 0.08499999999999996 0.08953900000000002
2 0.9092578125 0.1383811699346405 0.073125 0.05857800000000001
2 0.9159375 0.10349760130718953 0.08000000000000007 0.051883
2 0.9478515625 0.5066805816993464 0.09624999999999995 0.10460300000000008
2 0.9596875 0.31599492810457513 0.07874999999999999 0.06862000000000001
2 0.961484375 0.17457292810457517 0.07500000000000007 0.068619
2 0.985546875 0.14528392810457516 0.02749999999999997 0.06861900000000001
2 0.98609375 0.27122244444444443 0.025000000000000022 0.09121399999999999
2 0.9900390625 0.5545436013071896 0.018125000000000058 0.051883
