1 0.4686328125 0.3399478535871157 0.3225 0.269916
1 0.04296875 0.45541796339677887 0.086875 0.06841600000000003
1 0.056640625 0.39133031332357243 0.115 0.14433
1 0.0751953125 0.2609292401171303 0.151875 0.27835
1 0.08203125 0.5159822518301611 0.165 0.09934399999999997
1 0.08984375 0.9034512459736457 0.180625 0.18931600000000012
1 0.1591796875 0.6389858286969253 0.31875 0.15557600000000005
1 0.091171875 0.09201547877013178 0.15250000000000002 0.080599
1 0.0829296875 0.10290776720351391 0.13187500000000002 0.109653
1 0.2171875 0.7623509941434847 0.26749999999999996 0.0927839999999999
1 0.153125 0.02342606149341142 0.12687500000000002 0.046860000000000006
1 0.1806640625 0.14934901903367498 0.111875 0.207123
1 0.2123828125 0.9111295402635432 0.16625000000000004 0.12839800000000015
1 0.25570312500000003 0.5126234304538799 0.223125 0.32802300000000006
1 0.336796875 0.8056403499267935 0.278125 0.07685100000000002
1 0.2733203125 0.027818448023426062 0.12062499999999998 0.058107
1 0.27132812500000003 0.1461833074670571 0.09874999999999998 0.23617700000000003
1 0.39535156250000003 0.8967138901903368 0.31499999999999995 0.20337400000000003
1 0.326875 0.1635242767203514 0.09499999999999997 0.21368299999999998
1 0.3687890625 0.04538799414348463 0.080625 0.092784
1 0.52484375 0.749921663250366 0.30624999999999997 0.2211809999999999
1 0.5244140625 0.9192108286969254 0.26875000000000004 0.15745100000000004
1 0.4518359375 0.11636966325036603 0.10749999999999998 0.220244
1 0.5636328125000001 0.11636966325036603 0.22937499999999994 0.220244
1 0.6301171875 0.40718546120058563 0.30374999999999996 0.35145299999999996
1 0.680703125 0.63845082284041 0.3175 0.247423
1 0.658125 0.12815166910688142 0.15750000000000008 0.12933499999999998
1 0.753125 0.8575193689604685 0.18874999999999997 0.2821
1 0.8319140625 0.7697603265007321 0.30000000000000004 0.4414240000000001
1 0.802890625 0.1432077672035139 0.20750000000000002 0.10965299999999999
1 0.82625 0.3841653323572475 0.15749999999999997 0.349579
1 0.8980078125 0.34152530161054173 0.1981250000000001 0.32521000000000005
1 0.8578125 0.055636896046852125 0.11125000000000007 0.111528
1 0.9271875 0.7102453572474378 0.14249999999999996 0.46297999999999995
1 0.947890625 0.1200625036603221 0.083125 0.195876
1 0.95609375 0.9548888653001465 0.08625000000000005 0.08809799999999998
