1 0.029296875 0.4273440833333333 0.059412 0.098333
1 0.0341796875 0.28281249999999997 0.069418 0.14083299999999999
1 0.0478515625 0.683125 0.096936 0.15666699999999997
1 0.0545001875 0.4013541666666667 0.08567799999999999 0.06916700000000005
1 0.0976321875 0.52244825 0.147592 0.22833299999999998
1 0.0853415 0.3614059166666666 0.078799 0.09333400000000003
1 0.07601356249999999 0.26588541666666665 0.033771 0.10833300000000001
1 0.141540375 0.28802083333333334 0.106316 0.151667
1 0.184672375 0.6760940833333332 0.16823 0.16
1 0.165160125 0.4417190833333333 0.066917 0.06666600000000004
1 0.178129875 0.39171908333333333 0.091307 0.06666600000000004
1 0.26331812499999996 0.5170315833333333 0.16197600000000004 0.20833300000000002
1 0.24215125 0.2984371666666667 0.103189 0.13083399999999998
1 0.3048875625 0.3886975833333333 0.096935 0.08250000000000002
1 0.3485684375 0.6704684166666667 0.15509699999999998 0.17083399999999985
1 0.4213538125 0.4351565833333333 0.13571 0.11250000000000004
1 0.413431125 0.38369758333333337 0.098186 0.080834
1 0.4076919375 0.34208299999999997 0.07629800000000003 0.06333400000000004
1 0.44382475 0.5150520833333333 0.14946800000000005 0.19250000000000003
