1 0.200234375 0.341875 0.075625 0.09583299999999999
1 0.2741796875 0.90869825 0.03875000000000001 0.04166600000000006
1 0.275 0.8691663333333333 0.0012499999999999734 0.04250000000000013
1 0.3068359375 0.5730725833333333 0.04625000000000001 0.051666999999999984
1 0.3126953125 0.4946871666666666 0.05812500000000004 0.06833400000000005
1 0.3153515625 0.8665107500000001 0.03437499999999999 0.055000000000000014
1 0.34125 0.06609341666666667 0.06312499999999999 0.075834
1 0.3346875 0.6135940833333332 0.046875 0.03583300000000008
1 0.3335546875 0.5461458333333332 0.03749999999999998 0.058333000000000114
1 0.3853515625 0.3640100833333333 0.09687499999999999 0.09833400000000007
1 0.3862890625 0.63401075 0.04999999999999999 0.05666599999999996
1 0.3840234375 0.46359408333333335 0.02999999999999997 0.035833000000000004
1 0.409140625 0.4403645833333334 0.051875000000000004 0.08249999999999995
1 0.4703515625 0.08333366666666668 0.06562500000000004 0.085
1 0.5151171875 0.20161425 0.08499999999999996 0.10333399999999997
1 0.5100390625 0.4682295 0.05062500000000003 0.07916600000000007
1 0.5144921874999999 0.25953125 0.05437500000000001 0.040000000000000036
1 0.5309375 0.5647395833333334 0.048125000000000084 0.04999999999999997
1 0.5883984375 0.677292 0.030625000000000013 0.03166599999999997
1 0.6253125 0.7349479166666666 0.046875 0.06166700000000006
1 0.6301953125 0.5208850833333334 0.0568749999999999 0.06666699999999996
1 0.6233984375 0.7972395833333333 0.030625000000000013 0.051666999999999984
1 0.6575390625 0.6183850833333334 0.04999999999999993 0.06750000000000005
1 0.668671875 0.68119825 0.028124999999999956 0.04166600000000006
1 0.676171875 0.7758333333333334 0.028750000000000053 0.04333299999999992
1 0.6920703125 0.7349479166666666 0.05812500000000009 0.06166700000000006
1 0.714375 0.6264583333333333 0.0625 0.07333299999999994
