1 0.021484375 0.7153579824304539 0.04375 0.27460199999999996
1 0.03125 0.5266942459736457 0.063125 0.19025299999999998
1 0.0498046875 0.26865581698389457 0.1 0.338332
1 0.0771484375 0.07724905563689605 0.154375 0.137769
1 0.1487109375 0.43899824011713034 0.23437499999999997 0.279288
1 0.1680859375 0.6824308477306003 0.265 0.362699
1 0.23835937499999998 0.17007639970717423 0.23062500000000002 0.30740399999999996
1 0.2308203125 0.02342606149341142 0.18312499999999998 0.04873500000000001
1 0.31484375 0.8602151112737919 0.21125000000000002 0.27647600000000017
1 0.3426171875 0.5862003382137628 0.17812500000000003 0.2577319999999999
1 0.405625 0.3241321112737921 0.219375 0.27741400000000005
1 0.3723828125 0.11443950366032211 0.135 0.195876
1 0.4252734375 0.9399500248901903 0.21750000000000003 0.1162140000000001
1 0.4460546875 0.040995607613469986 0.13250000000000006 0.083411
1 0.501015625 0.6845984612005857 0.23937499999999995 0.35332800000000003
1 0.542265625 0.21939862664714496 0.20750000000000002 0.28772200000000003
1 0.539296875 0.4594487613469985 0.18437499999999996 0.199625
1 0.6537890625 0.8913234055636895 0.23749999999999993 0.21462100000000014
1 0.6444921875 0.07759882869692533 0.20999999999999996 0.156514
1 0.69515625 0.37011127086383605 0.19562499999999994 0.301781
1 0.7308203125 0.6860675285505125 0.21375 0.3092780000000001
1 0.809375 0.949909251830161 0.2512500000000001 0.09747000000000014
1 0.8309765625 0.1390922401171303 0.22125000000000006 0.279288
1 0.869921875 0.8881626325036603 0.18437500000000007 0.1977499999999999
1 0.8998828125 0.39916527086383596 0.198125 0.301781
1 0.918203125 0.6773349765739385 0.16125 0.3636360000000001
1 0.9322265625 0.08199121522693997 0.12812499999999993 0.164011
1 0.961484375 0.22901989604685213 0.07500000000000007 0.11152800000000003
1 0.9762109375 0.9724061903367496 0.04562500000000003 0.051547000000000134
