2 0.5989771875000001 0.816623375 0.5228759999999999 0.356209
2 0.0576171875 0.8163103125 0.116013 0.18300700000000003
2 0.0595703125 0.95047 0.119281 0.09477099999999994
2 0.1948853125 0.9133919375 0.27614299999999997 0.16993499999999995
2 0.197852375 0.818321 0.263072 0.15686300000000009
2 0.294819875 0.7000296875 0.308823 0.318627
2 0.2867074375 0.95047 0.281046 0.09477099999999994
2 0.3465908125 0.8651636875 0.07352900000000001 0.09967400000000004
2 0.519671625 0.63998675 0.30228799999999995 0.2745099999999999
2 0.8346549375 0.7010638125 0.326797 0.29248299999999994
2 0.8786255 0.905598625 0.235294 0.14542500000000003
