0 0.11953125 0.481941335276968 0.165 0.264926
0 0.1509375 0.8111158833819243 0.1725 0.25746199999999986
0 0.1624609375 0.13720060932944605 0.16999999999999998 0.261194
0 0.3169140625 0.47494714285714285 0.17500000000000002 0.28731300000000004
0 0.3398828125 0.8418367346938775 0.13499999999999995 0.18656699999999998
0 0.3584375 0.1630261720116618 0.1725 0.22388
0 0.5199609375 0.481941335276968 0.16999999999999998 0.264926
0 0.518125 0.8262152536443149 0.15750000000000003 0.242537
0 0.5382421875000001 0.1630261720116618 0.14750000000000002 0.22388
0 0.7158203125 0.4652108688046647 0.1825 0.29104399999999997
0 0.7132421875 0.16349397959183673 0.14749999999999996 0.246268
0 0.7153125 0.8439366384839649 0.14249999999999996 0.19776100000000013
0 0.884765625 0.16319954227405245 0.14500000000000002 0.208956
0 0.8996484375 0.8466777201166179 0.15500000000000003 0.21641799999999997
0 0.908671875 0.5154042682215743 0.15249999999999997 0.21268600000000001
