2 0.7183203125 0.7176066374269006 0.05750000000000011 0.09175999999999994
2 0.0078125 0.4014887543859649 0.0175 0.06367000000000002
2 0.013671875 0.22792282456140353 0.0275 0.044942999999999976
2 0.0166015625 0.4849367309941521 0.03375 0.06928799999999999
2 0.0281640625 0.7583936257309941 0.05 0.09550599999999998
2 0.095703125 0.785251590643275 0.0675 0.10486899999999998
2 0.1335546875 0.7083748011695906 0.03874999999999999 0.05243400000000004
2 0.142734375 0.846359730994152 0.04375000000000001 0.06928900000000004
2 0.1610546875 0.8981537660818714 0.037500000000000006 0.05992499999999999
2 0.1603515625 0.21668682456140353 0.035 0.044942999999999976
2 0.187578125 0.16694584795321635 0.03624999999999998 0.03932600000000002
2 0.286640625 0.9539716491228071 0.05249999999999999 0.08801500000000004
2 0.4226171875 0.06938678947368421 0.05375000000000002 0.054307000000000015
2 0.5671484375 0.04293983625730994 0.030000000000000027 0.043071000000000005
2 0.59203125 0.6896966959064327 0.040000000000000036 0.0767790000000001
2 0.6538671875 0.9144166959064327 0.053750000000000075 0.07677900000000001
2 0.671015625 0.12223180116959065 0.02124999999999999 0.050561999999999975
2 0.728671875 0.11784583625730995 0.028750000000000053 0.041199
2 0.750390625 0.663660754385965 0.05249999999999999 0.06179799999999993
2 0.7691015625 0.10122178947368421 0.03375000000000006 0.054307
2 0.816640625 0.5760557660818713 0.05125000000000002 0.05992600000000004
2 0.822578125 0.11410083625730995 0.036250000000000004 0.043070999999999984
2 0.897421875 0.10830177777777779 0.02749999999999997 0.058053000000000014
2 0.98546875 0.44620180116959063 0.025000000000000022 0.052435000000000016
