2 0.3435546875 0.37421908333333337 0.10078100000000001 0.12916599999999998
2 0.29609375 0.3617190833333333 0.05625000000000002 0.12812499999999996
2 0.295702625 0.11171841666666667 0.051563000000000025 0.10729199999999998
2 0.284765875 0.2359375 0.02734399999999998 0.20312500000000008
2 0.319921875 0.22083333333333335 0.09140599999999999 0.16666699999999998
2 0.3634770625 0.121875 0.11328100000000002 0.12500000000000003
2 0.4025388125 0.2859375 0.10390699999999997 0.17395799999999997
2 0.4279301875 0.18958333333333333 0.11718699999999999 0.166667
2 0.446875 0.4169274166666666 0.125 0.16979100000000003
2 0.4986333125 0.3348961666666666 0.12031199999999997 0.13229100000000008
2 0.5265627500000001 0.25104133333333334 0.11874999999999997 0.136459
2 0.5275390625 0.5010413333333333 0.08046899999999996 0.0729169999999999
2 0.5714846250000001 0.44999966666666663 0.14609299999999997 0.14583399999999994
2 0.5408200625 0.16562466666666667 0.08203099999999997 0.083334
2 0.5851565 0.327083 0.109375 0.12708399999999997
2 0.6101565 0.1903645833333333 0.07890600000000003 0.08125000000000004
2 0.6447265625 0.2515621666666667 0.12890599999999997 0.13229199999999997
