2 0.3419921875 0.41182325000000003 0.14750000000000002 0.19749999999999998
2 0.4022265625 0.2765100833333333 0.16000000000000003 0.22249999999999995
2 0.5010546874999999 0.45473925 0.19375000000000003 0.134167
2 0.4578125 0.3538020833333333 0.08000000000000002 0.12916700000000003
2 0.5213671875 0.233958 0.11624999999999996 0.156667
2 0.5408984375 0.3448434166666667 0.12437500000000001 0.13999999999999999
2 0.56140625 0.10656283333333333 0.13437500000000002 0.12083300000000002
2 0.603359375 0.16947883333333333 0.13687499999999997 0.18249999999999997
2 0.61296875 0.7299475833333333 0.11750000000000005 0.14500000000000002
2 0.634453125 0.32927049999999997 0.0993750000000001 0.174167
2 0.6829296875 0.5667711666666667 0.10062499999999996 0.13083299999999998
