0 0.248125 0.9453125 0.15833299999999997 0.109375
0 0.14067741666666667 0.9076171875 0.13916599999999998 0.08562500000000006
0 0.27328091666666665 0.76390625 0.18666700000000003 0.07187500000000002
0 0.29833333333333334 0.8555859375 0.16666699999999998 0.07687500000000003
0 0.3128121666666666 0.7912890625 0.10000000000000009 0.11312500000000003
0 0.6050520833333334 0.6118359375 0.06666700000000003 0.10750000000000004
0 0.658333 0.803828125 0.12749999999999995 0.19187500000000002
0 0.6624996666666666 0.612109375 0.08416699999999995 0.07562500000000005
0 0.6731770833333334 0.6771484375 0.09833299999999993 0.06125000000000003
0 0.7960416666666666 0.719453125 0.17750000000000007 0.09937499999999999
0 0.82994825 0.91453125 0.2274999999999999 0.07187500000000002
0 0.8107288333333332 0.9746875 0.12083400000000004 0.04812499999999997
0 0.94744825 0.9768359375 0.10250000000000004 0.04500000000000004
