2 0.4558147444933921 0.4934765625 0.42293200000000003 0.285
2 0.10572687224669604 0.4703125 0.21240600000000004 0.20499999999999996
2 0.23494860499265785 0.5975390625 0.4699249999999999 0.17562500000000003
2 0.2017064508076358 0.357578125 0.31296999999999997 0.09937499999999999
2 0.2952810190895741 0.428203125 0.2697370000000001 0.16062500000000002
2 0.5163128986784141 0.2704296875 0.5836469999999999 0.38125
2 0.6148277400881058 0.6146875 0.3618419999999999 0.140625
2 0.7240310146842879 0.503125 0.207706 0.12625000000000003
2 0.8096125947136564 0.61265625 0.327067 0.10250000000000004
2 0.8900903010279001 0.4305859375 0.21616499999999994 0.29562499999999997
