0 0.09234375 0.30296875 0.05499999999999999 0.088333
0 0.124921875 0.695625 0.028124999999999997 0.031666999999999966
0 0.188046875 0.317292 0.028749999999999998 0.03250000000000001
0 0.2625 0.472292 0.03249999999999997 0.03249999999999997
0 0.3139453125 0.13369758333333334 0.05687500000000001 0.080834
0 0.3335546875 0.9064580000000001 0.03749999999999998 0.0324999999999999
0 0.3804296875 0.12307291666666666 0.07 0.09333300000000001
0 0.3786328125 0.35375 0.04249999999999998 0.06333300000000001
0 0.371484375 0.8721878333333333 0.013124999999999998 0.027500000000000007
0 0.423203125 0.3486975833333334 0.0675 0.08083399999999992
0 0.441171875 0.19125 0.06 0.0625
0 0.440234375 0.14442741666666667 0.04375000000000001 0.075833
0 0.4434375 0.3936458333333333 0.048750000000000016 0.058333000000000045
0 0.466171875 0.5639065833333333 0.05937500000000001 0.050000000000000044
0 0.557421875 0.952292 0.028750000000000053 0.03166599999999997
0 0.5740234375 0.3308850833333334 0.06062500000000004 0.06666699999999996
0 0.6125390625 0.033854166666666664 0.08125000000000004 0.069167
0 0.6205859375 0.09875 0.04499999999999993 0.06333300000000001
0 0.7751171875 0.3553645833333334 0.24124999999999996 0.456667
0 0.84015625 0.16307291666666665 0.07062499999999994 0.09250000000000001
