1 0.09109375 0.5533492418670438 0.08625 0.08868799999999996
1 0.094609375 0.6298708345120226 0.075625 0.04705899999999992
1 0.241015625 0.46194724186704383 0.14499999999999996 0.089592
1 0.2674609375 0.533050503536068 0.14 0.13846199999999997
1 0.252421875 0.6033509504950494 0.09062499999999998 0.10045300000000006
1 0.3622265625 0.48904223196605373 0.06562499999999999 0.10769199999999998
1 0.3838671875 0.6022250763790664 0.08437500000000003 0.13303099999999998
1 0.5174609375 0.47892036775106084 0.10875000000000001 0.12307599999999998
1 0.52171875 0.5743379405940594 0.05499999999999994 0.12036200000000008
1 0.56125 0.5680501159830268 0.06437499999999996 0.055204000000000066
1 0.5998828125 0.6065155332390382 0.07374999999999998 0.07873300000000004
1 0.606015625 0.5007532220650637 0.083125 0.12760200000000005
1 0.6570703125 0.5781189702970297 0.057499999999999996 0.06153900000000003
1 0.70671875 0.5160842121640735 0.11875000000000002 0.14841600000000002
1 0.6977734375 0.6182863677510608 0.09250000000000003 0.12217199999999993
1 0.8180859375 0.6276239207920792 0.10812500000000003 0.15927599999999995
