2 0.1879140625 0.7123811303074671 0.17400000000000002 0.48125900000000005
2 0.29097656250000004 0.8956627613469985 0.252 0.1994
2 0.3515390625 0.7167735168374817 0.20600000000000002 0.4917540000000001
2 0.43003125 0.3469726325036603 0.16500000000000004 0.19640100000000002
2 0.5158125 0.1689018843338214 0.267 0.29385300000000003
2 0.54078125 0.37804563836017563 0.10199999999999998 0.10794599999999999
2 0.6422890625 0.6266292093704247 0.14300000000000002 0.256372
2 0.693421875 0.8188849209370425 0.21600000000000008 0.226387
2 0.67259375 0.3430714421669107 0.119 0.14692699999999995
2 0.6618984375 0.1413295344070278 0.09199999999999997 0.21888999999999995
2 0.774125 0.6016344055636895 0.15800000000000003 0.21589199999999997
2 0.8597578125 0.6869160497803807 0.10399999999999998 0.22938500000000003
2 0.8969375 0.8249760746705709 0.17299999999999993 0.3448280000000001
