1 0.55015625 0.6294795000000001 0.16500000000000004 0.2666659999999999
1 0.03515625 0.5756774166666666 0.07125 0.14000000000000004
1 0.0517578125 0.9057809166666666 0.105 0.18583400000000014
1 0.0576171875 0.25494791666666666 0.11625 0.185833
1 0.072109375 0.43151075 0.136875 0.18083299999999994
1 0.1133984375 0.575 0.0925 0.125
1 0.16499999999999998 0.62036425 0.15750000000000003 0.16500000000000012
1 0.1717578125 0.240833 0.10500000000000001 0.12750000000000003
1 0.2198828125 0.15421908333333334 0.13562500000000002 0.190833
1 0.28988281250000003 0.41911458333333335 0.22874999999999998 0.268333
1 0.25863281250000003 0.7642190833333333 0.13562500000000002 0.19083300000000003
1 0.32578125 0.1850524166666667 0.07124999999999998 0.10833299999999997
1 0.3685546875 0.7974475833333333 0.06875000000000003 0.14416699999999993
1 0.4706640625 0.2949475833333333 0.205625 0.27
1 0.48234375 0.845833 0.18124999999999997 0.25083399999999995
1 0.484296875 0.4863538333333333 0.15375 0.153334
1 0.581171875 0.20260416666666667 0.12249999999999994 0.25666700000000003
1 0.593125 0.8282815833333332 0.06312499999999999 0.14500000000000016
1 0.603203125 0.4136458333333333 0.06687500000000002 0.18416699999999997
