1 0.0652734375 0.2940621666666667 0.030625 0.036667000000000005
1 0.0797265625 0.5102600833333334 0.035 0.035834
1 0.1266015625 0.4846354166666667 0.03499999999999999 0.04583300000000001
1 0.230703125 0.3946354166666666 0.036250000000000004 0.046667000000000014
1 0.234765625 0.7476045 0.020625000000000004 0.04833299999999996
1 0.3141796875 0.7505725833333333 0.03749999999999998 0.04999999999999997
1 0.324921875 0.9574479166666666 0.02749999999999997 0.06166700000000006
1 0.34109375 0.9837496666666666 0.024375000000000036 0.020834000000000092
1 0.352109375 0.7258333333333332 0.011875000000000024 0.041667000000000044
1 0.397265625 0.38067674999999995 0.020625000000000004 0.055834000000000016
1 0.5457421875 0.12739616666666667 0.02312499999999995 0.0375
1 0.5507421875 0.15401075 0.021874999999999978 0.056665999999999994
1 0.657890625 0.6723961666666667 0.020625000000000004 0.03833300000000003
1 0.67421875 0.2805725833333333 0.025000000000000022 0.050000000000000044
1 0.6961328125 0.31973958333333335 0.04125000000000001 0.051666999999999984
1 0.7500390625 0.56286425 0.01937500000000003 0.04083400000000011
1 0.7521875 0.5318229166666666 0.016249999999999987 0.030833000000000037
1 0.86046875 0.047655916666666666 0.024375000000000036 0.030834
1 0.9113671875 0.22109408333333333 0.02312499999999995 0.035833000000000004
1 0.9131640625 0.17906216666666666 0.01937499999999992 0.03750000000000001
1 0.974765625 0.6766149166666667 0.020625000000000004 0.06166599999999992
1 0.9740625 0.40635383333333336 0.015625 0.027500000000000007
1 0.9869140625 0.38651075 0.01937500000000003 0.055000000000000014
