2 0.573938 0.9212811875 0.12581700000000007 0.14705900000000005
2 0.4280211875 0.5926078125 0.20915100000000003 0.10457499999999997
2 0.424772375 0.50901225 0.20098099999999997 0.07189600000000002
2 0.4206429375 0.65755175 0.140523 0.150327
2 0.453546125 0.45294625 0.19281099999999995 0.16503299999999999
2 0.4507699375 0.7348920625 0.10784299999999997 0.2058819999999999
2 0.483673125 0.4055036875 0.16176399999999996 0.19444400000000006
2 0.533088 0.3786830625 0.12581699999999996 0.205882
2 0.558274625 0.7266645 0.11437900000000001 0.235294
2 0.615182875 0.3957380625 0.08987 0.174836
2 0.696014375 0.5121843125000001 0.20098100000000008 0.11928100000000003
2 0.6543605 0.728847875 0.11111099999999996 0.12254900000000002
2 0.6934805625 0.68313425 0.158497 0.10294099999999995
2 0.692899875 0.4421656875 0.12254899999999991 0.16339900000000002
2 0.707886625 0.6142063125 0.14542500000000003 0.08823599999999998
