1 0.166796875 0.8554705620915033 0.12125000000000001 0.159833
1 0.16414062499999998 0.694122614379085 0.115 0.14644399999999996
1 0.1794921875 0.9673043594771242 0.11562499999999999 0.06192399999999996
1 0.1894140625 0.281833045751634 0.113125 0.13974900000000004
1 0.2061328125 0.1872293071895425 0.07374999999999998 0.07364
1 0.2230859375 0.1235756339869281 0.07687500000000003 0.09288700000000001
1 0.2488671875 0.03529411764705882 0.08499999999999999 0.072803
1 0.26371093749999996 0.7653569934640523 0.108125 0.15313800000000002
1 0.27296875 0.3291712026143791 0.11749999999999997 0.09958099999999995
1 0.280546875 0.9171878039215686 0.12187499999999998 0.151464
1 0.28609375000000004 0.23016377124183007 0.0875 0.10795
1 0.2980078125 0.14973035947712418 0.07374999999999998 0.061925
1 0.3077734375 0.09146449673202614 0.06187499999999996 0.076151
1 0.3689453125 0.6718954248366014 0.11937500000000001 0.14477
1 0.371328125 0.2859136666666667 0.09812500000000002 0.134728
1 0.3794140625 0.9621243071895424 0.111875 0.07364000000000002
1 0.3947265625 0.10307611764705882 0.09687499999999999 0.07196700000000002
1 0.3781640625 0.5724287385620915 0.04999999999999999 0.06694599999999991
1 0.385 0.06777703267973856 0.0625 0.04351500000000001
1 0.438359375 0.3079828039215687 0.106875 0.1514639999999999
1 0.4826953125 0.7577216143790849 0.11937500000000001 0.14811700000000008
1 0.4708203125 0.2232123071895425 0.08875 0.07364
1 0.4853125 0.9171878039215686 0.10937500000000006 0.151464
1 0.4725390625 0.0766102549019608 0.08125000000000004 0.087866
1 0.483046875 0.15364696078431372 0.09062500000000007 0.11045999999999999
1 0.5277734375 0.6610273594771242 0.030624999999999902 0.061925000000000036
1 0.5864453125 0.15563806535947713 0.05812499999999998 0.08451800000000001
1 0.6273046875 0.9597176862745098 0.09999999999999998 0.07866099999999998
1 0.6426171875 0.8480429411764705 0.11562500000000009 0.16485400000000008
1 0.6480078125 0.018300653594771243 0.0737500000000001 0.03682
1 0.649296875 0.1224762026143791 0.05874999999999997 0.09958199999999999
1 0.6773046875 0.17504311764705882 0.10062500000000008 0.07280299999999996
1 0.6498828125 0.05030741176470588 0.04249999999999998 0.04769899999999999
1 0.695859375 0.582514477124183 0.10562500000000008 0.131381
1 0.7278515625 0.7651979411764707 0.12874999999999992 0.16485399999999995
1 0.7372265625 0.9214751830065359 0.12750000000000006 0.15481200000000006
1 0.722734375 0.0795417385620915 0.07437499999999997 0.066946
1 0.7248828125 0.273989908496732 0.073125 0.12385000000000003
1 0.743828125 0.13743582352941178 0.09812500000000002 0.096234
1 0.7450390625 0.016523274509803922 0.08062500000000006 0.032636000000000005
1 0.7701171875 0.22169139215686276 0.08437499999999998 0.103766
1 0.77234375 0.5890553921568628 0.055625000000000036 0.10292900000000005
1 0.803515625 0.3326772549019608 0.11375000000000002 0.087866
1 0.8064453125 0.660913045751634 0.12 0.13891199999999984
1 0.785703125 0.5689226862745098 0.0681250000000001 0.08033499999999993
1 0.8229296875 0.11421754901960786 0.07000000000000006 0.06443499999999998
1 0.8552734375 0.9539640653594771 0.12437500000000001 0.08535599999999995
1 0.8390234375 0.1739436862745098 0.06187500000000001 0.07949800000000001
1 0.931171875 0.7365928562091503 0.12124999999999997 0.1380760000000002
1 0.9421875 0.8841849934640523 0.11062500000000008 0.15313800000000002
