2 0.6715625 0.38570269985358707 0.08000000000000007 0.15290900000000004
2 0.3462109375 0.2331374729136164 0.07687500000000003 0.172608
2 0.402421875 0.3392806691068814 0.09125 0.12945599999999993
2 0.454765625 0.1325157364568082 0.05249999999999999 0.08536600000000001
2 0.5044140625 0.43856025183016106 0.08062500000000006 0.09849899999999998
2 0.5517578125 0.19483389019033676 0.10375000000000001 0.20450200000000002
2 0.625390625 0.23682809224011714 0.05249999999999999 0.07129399999999997
2 0.6578515625 0.6317793133235725 0.09625000000000006 0.14352800000000002
2 0.75671875 0.37504192679355786 0.08625000000000005 0.13696100000000005
2 0.8523046875 0.6373641537335285 0.13187499999999996 0.11913700000000006
