0 0.525625 0.812734375 0.15666700000000003 0.10687499999999994
0 0.32447916666666665 0.2668359375 0.47416700000000006 0.13874999999999998
0 0.11078158333333332 0.66640625 0.020000000000000018 0.03937500000000005
0 0.11374966666666665 0.5008984375000001 0.020834000000000002 0.030624999999999958
0 0.11744758333333333 0.5246875 0.018334000000000017 0.01750000000000007
0 0.3101559166666667 0.14671875 0.405 0.118125
0 0.11770833333333335 0.70296875 0.011666999999999983 0.023749999999999938
0 0.16453158333333331 0.058203125 0.08166600000000002 0.06687499999999999
0 0.1370836666666667 0.8348828125 0.022499999999999982 0.04125000000000001
0 0.14359408333333334 0.901015625 0.035833000000000004 0.05125000000000002
0 0.29119825 0.4642578125 0.289166 0.26125
0 0.16869824999999997 0.9452734375 0.03916600000000001 0.030625000000000013
0 0.3922913333333333 0.73828125 0.32416700000000004 0.25812500000000005
0 0.3979163333333333 0.9690234375 0.23000000000000007 0.06062500000000004
0 0.389583 0.026250000000000002 0.06416700000000002 0.03125
0 0.4770833333333333 0.44828125 0.106667 0.13374999999999998
0 0.45140625 0.0537109375 0.009167 0.013749999999999998
0 0.5570309166666667 0.9768359375 0.12499999999999993 0.04500000000000004
0 0.5357291666666666 0.0078125 0.036667000000000005 0.01625
0 0.5384371666666666 0.0710546875 0.0066669999999999785 0.006874999999999992
0 0.54640625 0.0748828125 0.009167 0.010624999999999996
0 0.5554166666666668 0.0105859375 0.0233329999999999 0.013750000000000002
0 0.7751562499999999 0.43734375 0.4466670000000001 0.305625
0 0.7763541666666667 0.6929296875 0.44416700000000003 0.2562500000000001
0 0.56057325 0.0865625 0.009166000000000007 0.016875
0 0.5724475833333332 0.0955078125 0.018334000000000145 0.010000000000000009
0 0.74640625 0.9196484375 0.134167 0.06187500000000001
0 0.7036455 0.1237109375 0.015833999999999904 0.013749999999999984
0 0.7036455 0.1336328125 0.015833999999999904 0.010000000000000009
0 0.8379690833333333 0.076328125 0.25500000000000006 0.066875
0 0.7328125 0.1387109375 0.01583300000000006 0.013750000000000012
0 0.8497913333333332 0.9659765625 0.20000000000000004 0.06562500000000004
0 0.84223925 0.8868359375 0.134167 0.10750000000000004
0 0.8193229166666667 0.1802734375 0.029167000000000016 0.030625000000000013
0 0.8498434166666667 0.1880859375 0.01416700000000004 0.013750000000000012
0 0.8587496666666666 0.1950390625 0.022499999999999964 0.01874999999999999
0 0.9266145833333334 0.90234375 0.14416700000000007 0.15000000000000002
0 0.93026075 0.206796875 0.11833299999999995 0.09062500000000001
