1 0.0763888888888889 0.740078125 0.153333 0.09937499999999999
1 0.109375 0.8859375 0.221111 0.11124999999999996
1 0.22784755555555558 0.8228125 0.145555 0.0787500000000001
1 0.40270822222222225 0.78125 0.16333299999999998 0.09562499999999996
1 0.5295828888888888 0.7914453125 0.09111199999999996 0.05812499999999998
1 0.6362496666666666 0.760625 0.146667 0.09562499999999996
1 0.6731251111111111 0.83078125 0.13111100000000006 0.07187500000000002
1 0.8038192222222222 0.816953125 0.16333399999999998 0.0681250000000001
1 0.8009723333333334 0.771796875 0.10666699999999994 0.02749999999999997
1 0.8563196666666666 0.8761328125 0.17888900000000016 0.07374999999999998
1 0.9339586666666667 0.82578125 0.11777700000000005 0.10187499999999994
