2 0.1193359375 0.42409705882352944 0.20125 0.1873819999999999
2 0.13640625 0.5820984117647059 0.22749999999999998 0.24952899999999997
2 0.1759765625 0.34223994117647055 0.159375 0.167608
2 0.23453125 0.29733817647058824 0.071875 0.15819199999999997
2 0.3240234375 0.12502217647058822 0.15499999999999997 0.15725000000000003
2 0.3028125 0.5090754117647059 0.07937500000000003 0.19868199999999994
2 0.4268359375 0.5128831176470589 0.20250000000000007 0.27212900000000007
2 0.4626171875 0.8760634705882353 0.17937499999999995 0.23352199999999992
2 0.4992578125 0.7121168823529412 0.19874999999999998 0.17984899999999993
2 0.5084375 0.09735505882352942 0.17312499999999997 0.18549899999999997
2 0.6734375 0.4147227647058824 0.14249999999999996 0.259887
2 0.76703125 0.32108935294117646 0.10249999999999992 0.262712
2 0.8180859375 0.6630357058823529 0.2025 0.17420000000000002
2 0.8555859375 0.3427056470588235 0.13875000000000004 0.18926500000000004
