2 0.6720700625 0.691163706744868 0.11171900000000001 0.25439699999999993
2 0.3416013125 0.3629076041055718 0.15078200000000003 0.241501
2 0.419140375 0.3889856744868035 0.10625000000000001 0.22157100000000002
2 0.464453125 0.5929654692082112 0.13046899999999995 0.19929599999999992
2 0.5533205625 0.6322637390029325 0.22109300000000004 0.28604899999999994
2 0.4818359375 0.33502464809384164 0.07656200000000002 0.10433699999999997
2 0.4724606875 0.4355544750733138 0.03750000000000003 0.11254399999999996
2 0.5343755 0.4147601612903226 0.11093699999999995 0.16412699999999997
2 0.5384765625 0.5226079560117303 0.09765600000000008 0.14068
2 0.6482416875 0.45108154545454543 0.13203200000000004 0.092615
2 0.69296825 0.535499853372434 0.10312600000000005 0.12661199999999997
