1 0.029296875 0.5306601727672036 0.06 0.32457800000000003
1 0.11039062499999999 0.6144919458272329 0.14625000000000002 0.342401
1 0.0766015625 0.36796701903367496 0.065625 0.20731700000000003
1 0.2654296875 0.7994965226939972 0.35125 0.3986869999999999
1 0.268203125 0.32797357833089313 0.349375 0.5365850000000001
1 0.476875 0.629746682284041 0.25125000000000003 0.42683000000000004
1 0.5338671875000001 0.9317397979502197 0.30375 0.1332079999999999
1 0.6760546875 0.34420097071742317 0.28875000000000006 0.45591
1 0.7055078125 0.8048970073206442 0.3224999999999999 0.38743
1 0.8653125 0.6435460073206443 0.266875 0.38836800000000005
1 0.9119140625 0.37422768814055635 0.17437500000000006 0.334897
