2 0.131640625 0.28673655555555555 0.08312499999999999 0.14444399999999996
2 0.1399609375 0.1629858888888889 0.076875 0.12333399999999999
2 0.1455078125 0.06048644444444445 0.073125 0.11111099999999999
2 0.1924609375 0.2137502222222222 0.076875 0.13222200000000006
2 0.2112890625 0.10534711111111111 0.08187499999999998 0.128889
2 0.28816406250000004 0.08888855555555557 0.08062499999999997 0.11222299999999999
2 0.4673828125 0.8631251111111111 0.073125 0.12888900000000003
2 0.5056640625 0.7602087777777778 0.080625 0.14999999999999997
2 0.5584765625 0.8543051111111111 0.09625000000000006 0.16111200000000003
2 0.5750390625 0.6982642222222222 0.08062499999999995 0.1644440000000001
