1 0.037109375 0.6574059267935579 0.075 0.13696099999999997
1 0.06984375 0.5452477979502196 0.08687500000000001 0.13414600000000007
1 0.1320703125 0.6519440614934114 0.05750000000000001 0.04690399999999994
1 0.1589453125 0.5452477979502196 0.088125 0.13226999999999994
1 0.204609375 0.6545218286969253 0.105625 0.15572199999999994
1 0.34609375 0.6802185402635431 0.08750000000000002 0.12851800000000005
1 0.4346875 0.05710102489019034 0.11062499999999997 0.11538500000000002
1 0.4956640625 0.6390567979502196 0.080625 0.13226999999999994
1 0.5035937500000001 0.28411802489019033 0.05624999999999997 0.11538499999999999
1 0.5162109375 0.803475251830161 0.07750000000000001 0.09849999999999995
1 0.5140234375 0.060029282576866766 0.06062500000000004 0.121013
1 0.5130859375 0.35772683455344073 0.04562500000000003 0.066604
1 0.5261328125 0.19859360761346997 0.04249999999999998 0.08442799999999999
1 0.543046875 0.15949222108345534 0.05874999999999997 0.075047
1 0.559453125 0.7870462825768668 0.06812499999999999 0.12288900000000005
1 0.5521875 0.26677599414348463 0.04749999999999999 0.09193300000000001
1 0.5524609375 0.33281070571010246 0.04625000000000001 0.06379000000000003
1 0.56375 0.657222571010249 0.06312499999999999 0.15197000000000005
1 0.5638671875 0.05710102489019034 0.05437500000000006 0.11538500000000002
1 0.5840625 0.13194644802342606 0.04874999999999996 0.057223
1 0.596171875 0.020497803806734993 0.028124999999999956 0.042214
1 0.6083203125 0.048728122986822844 0.02562500000000001 0.096623
