0 0.4258984375 0.5453879941434846 0.060624999999999984 0.091932
0 0.5005859375 0.8330305036603222 0.20187500000000003 0.19418399999999994
0 0.4765625 0.49352131918008785 0.016874999999999973 0.05440900000000005
0 0.5922265625 0.7748330614934115 0.06562499999999993 0.04971899999999984
0 0.779765625 0.8973802884333822 0.020625000000000004 0.030956999999999874
0 0.800390625 0.9046567730600293 0.05125000000000002 0.017823999999999906
0 0.8047265625 0.8854839019033675 0.034375000000000044 0.022514000000000034
0 0.8062109375 0.8931722576866764 0.014375000000000027 0.007504999999999947
0 0.824765625 0.8913404172767203 0.020625000000000004 0.03470900000000011
0 0.934453125 0.677912448023426 0.12937500000000002 0.057223000000000065
0 0.9416015625 0.7546069326500732 0.06562499999999993 0.04596699999999993
0 0.9843359375 0.9582160922401172 0.014374999999999916 0.07129400000000001
