2 0.8130859375 0.70421875 0.2025 0.275833
2 0.1311328125 0.37187533333333334 0.166875 0.13749999999999996
2 0.18746093749999998 0.6021878333333334 0.23250000000000004 0.2774999999999999
2 0.25125 0.19062500000000002 0.12562500000000001 0.156667
2 0.36117187500000003 0.8036975833333333 0.24687499999999998 0.331667
2 0.385234375 0.29161491666666667 0.16812499999999997 0.185833
2 0.43015625 0.44619824999999996 0.19625000000000004 0.16500000000000004
2 0.4075390625 0.049479166666666664 0.143125 0.100833
2 0.6176171875 0.85286425 0.20937499999999998 0.2908340000000001
2 0.568671875 0.15369825 0.08999999999999997 0.165
2 0.6350390625 0.43229200000000007 0.17437500000000006 0.15666599999999997
2 0.7054296875 0.26671908333333333 0.16374999999999995 0.190833
2 0.75 0.05567708333333333 0.125625 0.09666699999999999
2 0.91703125 0.4527604166666666 0.16437500000000005 0.20083300000000004
2 0.8909375 0.27057258333333334 0.11124999999999996 0.17583400000000002
