0 0.5638671875 0.4162114375 0.17812499999999998 0.15468700000000002
0 0.091015625 0.5873046875 0.176563 0.16249999999999998
0 0.2060546875 0.6994140625 0.16249999999999998 0.17499999999999993
0 0.2427739375 0.5501948125 0.14062499999999997 0.135938
0 0.3625 0.7947265625 0.189062 0.15937500000000004
0 0.33984425 0.110546875 0.13437499999999997 0.121875
0 0.36328125 0.217578625 0.13281300000000001 0.11406200000000002
0 0.45546825 0.052734375 0.13281299999999996 0.10625
0 0.49296875 0.21875 0.14999999999999997 0.125
0 0.522265625 0.707422375 0.17656199999999994 0.16874999999999996
0 0.5546869999999999 0.5781245 0.15781300000000004 0.14218799999999998
