0 0.6066371875 0.6275590625 0.11601300000000003 0.11274600000000001
0 0.01953125 0.561976875 0.039216 0.06045699999999998
0 0.01953125 0.757339875 0.039216 0.08987
0 0.0413539375 0.6057555625 0.076797 0.06536000000000008
0 0.09561425 0.51228025 0.071895 0.07189599999999996
0 0.1236911875 0.7446061875 0.08496800000000002 0.08496800000000004
0 0.139973625 0.23179675 0.114379 0.117647
0 0.1829110625 0.7286045 0.04901900000000001 0.07843200000000006
0 0.206686875 0.2609461875 0.08986900000000003 0.08496800000000002
0 0.19927025 0.5309884375 0.039215 0.029411999999999994
0 0.236097875 0.0942801875 0.08987 0.08496699999999999
0 0.3465908125 0.728642875 0.07352900000000001 0.06045800000000001
0 0.3707615 0.5534301875 0.08006599999999997 0.08496700000000001
0 0.399496875 0.6870596875 0.091503 0.10130700000000004
0 0.3822570625 0.8485813125 0.04901999999999995 0.05718999999999996
0 0.444253125 0.4732884375 0.09803899999999999 0.12418299999999999
0 0.5023803124999999 0.3925841875 0.12091500000000005 0.11601299999999998
0 0.5259905 0.7302385 0.08006499999999994 0.07843199999999995
0 0.5335798125 0.8528450625 0.04248400000000008 0.04901999999999995
0 0.579312625 0.8305699375 0.05228699999999997 0.076797
0 0.6315036875 0.3001238125 0.10130800000000006 0.104575
0 0.659416 0.8558323125 0.03268000000000004 0.026143999999999945
0 0.7011658125 0.3139491875 0.07352900000000007 0.053921
0 0.7057486875 0.7587123125 0.068627 0.05718999999999996
0 0.785909625 0.939504625 0.021242000000000094 0.01960700000000004
0 0.8133685 0.9388471875 0.016338999999999992 0.02287500000000009
0 0.9056561875 0.8978245 0.11601300000000003 0.11111099999999996
0 0.915952 0.806475 0.03268000000000004 0.0326789999999999
0 0.95473375 0.5922695 0.08660099999999993 0.11111099999999996
0 0.9750749375 0.7393285 0.045752000000000015 0.11111099999999996
