1 0.33515625 0.1698025 0.07187500000000002 0.111111
1 0.06796875 0.8096865000000001 0.055 0.12312299999999991
1 0.100390625 0.5812145 0.051250000000000004 0.1111110000000001
1 0.1615625 0.6485505 0.048750000000000016 0.07407400000000006
1 0.2112890625 0.6657379999999999 0.04999999999999999 0.10710700000000006
1 0.3881640625 0.7872985 0.04999999999999999 0.105105
1 0.398125 0.8264109999999999 0.03125 0.08208200000000003
1 0.4255859375 0.7590264999999999 0.044999999999999984 0.09209200000000015
1 0.4733203125 0.7768005 0.02562500000000001 0.08008000000000007
1 0.6330859375 0.41687900000000006 0.04500000000000004 0.075075
1 0.653984375 0.5522104999999999 0.04375000000000007 0.06006
1 0.659453125 0.2729305 0.03687499999999999 0.06206199999999997
1 0.70734375 0.726189 0.05624999999999991 0.07807799999999991
1 0.8474609375 0.12602750000000001 0.04625000000000001 0.07307299999999999
