1 0.333359375 0.5432294999999999 0.29312499999999997 0.329166
1 0.0830078125 0.31296874999999996 0.16625 0.21166700000000002
1 0.10546875 0.6274479166666667 0.2125 0.31000000000000005
1 0.0653515625 0.44640658333333333 0.12812500000000002 0.1749999999999999
1 0.137578125 0.13213541666666667 0.130625 0.17166700000000001
1 0.24109375 0.34437466666666666 0.275 0.30333400000000005
1 0.29191406249999996 0.13151041666666666 0.20562500000000003 0.14
1 0.3034765625 0.042083 0.15875 0.0625
1 0.4464453125 0.7955208333333333 0.36937499999999995 0.4025000000000001
1 0.378046875 0.26666633333333334 0.15375 0.168334
1 0.4246484375 0.09958299999999999 0.21687499999999998 0.1875
1 0.5215234375 0.23005208333333335 0.24937499999999996 0.19083299999999995
1 0.568359375 0.4495309166666666 0.29312499999999997 0.24833399999999997
1 0.5679296875 0.033854166666666664 0.22562500000000002 0.069167
1 0.71375 0.7118753333333334 0.34375 0.38583299999999987
1 0.696015625 0.16927050000000002 0.176875 0.17249999999999996
1 0.7277734375 0.3033854166666667 0.18625000000000003 0.10916700000000001
1 0.734453125 0.08192675 0.16125 0.11833399999999998
1 0.8776171875 0.49958366666666665 0.24187500000000006 0.271666
1 0.8926953125 0.3148440833333333 0.213125 0.22166600000000006
1 0.84703125 0.15885383333333333 0.10250000000000004 0.15166699999999997
