2 0.4816015625 0.19275966619519094 0.22125 0.38315199999999994
2 0.1640625 0.43478153041018386 0.328125 0.36775299999999994
2 0.201328125 0.7373458613861387 0.223125 0.27808000000000005
2 0.30046875 0.23499710325318246 0.21125 0.36594200000000005
2 0.36484375 0.83212029844413 0.21249999999999997 0.26268100000000005
2 0.386953125 0.5506746859971712 0.19187500000000002 0.34510900000000005
2 0.3933984375 0.766262503536068 0.12437500000000001 0.13586899999999988
2 0.5709765625000001 0.7185324045261668 0.2525 0.33605100000000004
2 0.6254296875 0.37606422913719945 0.28750000000000003 0.4012690000000001
2 0.719375 0.16407355021216408 0.22062499999999996 0.330616
2 0.776328125 0.6707134342291372 0.224375 0.27626899999999993
2 0.83609375 0.39036285148514854 0.21125000000000005 0.29891300000000004
