1 0.1925 0.31578125 0.15749999999999997 0.2275
1 0.05078125 0.5760940833333333 0.103125 0.15999999999999992
1 0.0537109375 0.8090100833333334 0.108125 0.22333399999999992
1 0.186796875 0.8812503333333334 0.18375 0.23083300000000007
1 0.1940625 0.6886975833333334 0.173125 0.20666699999999993
1 0.2337890625 0.5153125 0.14312499999999997 0.14083300000000007
1 0.3321484375 0.23281216666666668 0.15499999999999997 0.22583399999999998
1 0.3616015625 0.36828158333333333 0.15875 0.14499999999999993
1 0.3543359375 0.6867190833333333 0.13937500000000003 0.19083300000000003
1 0.382109375 0.5014059166666667 0.16875 0.21666700000000003
1 0.4884375 0.20197883333333333 0.17312500000000003 0.184167
1 0.5151953125 0.643542 0.18250000000000005 0.22083300000000014
1 0.5367968750000001 0.36239616666666663 0.15375 0.16333299999999998
1 0.5962109375 0.4935934166666667 0.17000000000000004 0.20166699999999996
1 0.6332421875 0.17989549999999999 0.14749999999999996 0.203334
1 0.686484375 0.65375 0.16812499999999997 0.18999999999999995
1 0.6965234375 0.3830211666666667 0.15500000000000003 0.19416599999999998
1 0.7652734375 0.24026041666666667 0.15500000000000003 0.201667
1 0.773203125 0.10958366666666668 0.130625 0.146666
