1 0.3442865625 0.817130307467057 0.15925899999999998 0.23555600000000018
1 0.123915375 0.6292076325036603 0.137777 0.19888899999999998
1 0.1714223125 0.8473499267935578 0.120741 0.13555599999999998
1 0.2102125625 0.7508276017569547 0.158519 0.175556
1 0.35644075 0.5766841171303074 0.15037100000000003 0.18555600000000003
1 0.516507375 0.3843578901903367 0.13851900000000006 0.20333400000000007
1 0.56196225 0.7648678594436311 0.13407400000000003 0.18111099999999997
1 0.61980925 0.4525932459736457 0.16518500000000003 0.18888899999999992
1 0.6929033125 0.6350641478770132 0.12074099999999999 0.20888900000000005
1 0.772601125 0.8094565344070279 0.12963000000000002 0.2177779999999999
1 0.7813901875 0.46899917862371887 0.146667 0.23222299999999996
1 0.9028055625 0.7273792093704247 0.15851800000000005 0.25555599999999995
