2 0.683046875 0.2080369882869693 0.12249999999999994 0.18292699999999998
2 0.25394531249999996 0.5507019458272329 0.214375 0.342402
2 0.217109375 0.3382466325036603 0.1375 0.197936
2 0.238125 0.7931485344070278 0.095 0.21669799999999997
2 0.27140624999999996 0.24791895754026352 0.10250000000000001 0.16041200000000003
2 0.3128515625 0.1486835344070278 0.15875 0.217636
2 0.4108203125 0.7642873323572476 0.24562500000000004 0.34990699999999997
2 0.4046484375 0.33323208052708636 0.186875 0.25422100000000003
2 0.4271484375 0.4969669882869692 0.12437500000000001 0.18198900000000004
2 0.42234375 0.18191018448023424 0.05624999999999997 0.142589
2 0.536875 0.19888350366032206 0.156875 0.19605999999999998
2 0.5324609375 0.48625433821376285 0.13937500000000003 0.25797400000000004
2 0.5867578125 0.3204667920937042 0.166875 0.223265
2 0.6325 0.7710386881405563 0.22062500000000007 0.33583500000000005
2 0.6771875 0.4641522093704245 0.1725 0.25703600000000004
2 0.7348046875 0.6447212401171303 0.13187499999999996 0.2786110000000001
