2 0.324921875 0.18973444444444443 0.12187499999999996 0.23581700000000005
2 0.041015625 0.09722222222222222 0.0825 0.194661
2 0.044921875 0.3539037777777778 0.09 0.18242499999999995
2 0.048828125 0.7065177777777778 0.099375 0.1824249999999999
2 0.1516796875 0.4088976666666666 0.13187500000000002 0.1802
2 0.1725 0.7103124444444444 0.15750000000000003 0.23470599999999997
2 0.16105468750000002 0.10416666666666667 0.13187500000000002 0.210234
2 0.290703125 0.41432444444444444 0.130625 0.17130099999999995
2 0.347421875 0.691724888888889 0.184375 0.28031199999999995
2 0.4548828125 0.3578648888888889 0.13562499999999994 0.18464999999999993
2 0.470234375 0.09375 0.13687499999999997 0.187987
2 0.6295703125 0.33108566666666667 0.150625 0.211346
2 0.627734375 0.07118055555555555 0.13812500000000005 0.14238
2 0.70109375 0.701091 0.14875000000000005 0.18909900000000007
2 0.758046875 0.09895833333333333 0.12187499999999996 0.201335
2 0.808359375 0.38331366666666666 0.13812500000000005 0.177976
2 0.9063671875 0.08680555555555555 0.11562499999999998 0.176863
2 0.9371484375 0.36036033333333334 0.12312500000000004 0.20022199999999998
2 0.9596875 0.7328611111111112 0.07874999999999999 0.19132399999999994
