2 0.6474614375 0.5505859375 0.12343700000000002 0.10781299999999999
2 0.2546875 0.4224614375 0.142187 0.09218700000000002
2 0.2544926875 0.555859875 0.132812 0.09062400000000004
2 0.287109375 0.64609325 0.1375 0.13437600000000005
2 0.2857426875 0.33671825 0.13124899999999998 0.10156300000000001
2 0.3482421875 0.469140625 0.11562499999999998 0.08281300000000003
2 0.348437 0.2873046875 0.09375 0.06875000000000003
2 0.3734375 0.700391125 0.11093800000000004 0.129687
2 0.41328175 0.5562495 0.118749 0.11093800000000009
2 0.3984375 0.35703125 0.078125 0.10312499999999997
2 0.4103515625 0.2611323125 0.09687499999999999 0.12031300000000003
2 0.4162114375 0.480078625 0.09218700000000002 0.082812
2 0.4642573125 0.38984425 0.089063 0.134374
2 0.486328125 0.7218755 0.098437 0.11093699999999995
2 0.49140675 0.5281245 0.087499 0.078125
2 0.504687 0.6166020625 0.09375 0.1124989999999999
2 0.503515625 0.454297375 0.08281300000000003 0.07500000000000001
2 0.51796875 0.23671825 0.08593800000000007 0.103125
2 0.5326166875 0.33125 0.09999999999999998 0.126562
2 0.5583984375 0.407422375 0.09218800000000005 0.10625000000000001
2 0.5748041875 0.4921875 0.11562500000000009 0.078125
2 0.5787109375 0.716015625 0.10781200000000002 0.11406299999999991
2 0.62578125 0.2603515625 0.10312500000000002 0.09687500000000002
2 0.6548828125 0.6984375 0.10468699999999997 0.109375
2 0.6501953125 0.4251953125 0.08906200000000009 0.089063
2 0.69453125 0.6531245 0.1343749999999999 0.109375
2 0.7166015625 0.314063 0.09687500000000004 0.09531200000000001
2 0.759375 0.3748046875 0.12656299999999998 0.09999999999999998
2 0.766797375 0.4458989375 0.13749999999999996 0.07656200000000002
2 0.7380859375 0.6017583125 0.07656300000000005 0.08906199999999997
2 0.7689458125 0.5412114375 0.13593699999999997 0.09218700000000002
