2 0.064453125 0.4279301875 0.067188 0.05312499999999998
2 0.067578625 0.3935546875 0.051562 0.039061999999999986
2 0.1333979375 0.274609375 0.045313000000000006 0.04375000000000001
2 0.1974604375 0.13125 0.06093799999999999 0.06406200000000001
2 0.2091796875 0.2740234375 0.03906200000000001 0.06093800000000002
2 0.23671825 0.23671825 0.040624999999999994 0.03906299999999999
2 0.2462890625 0.66328175 0.04999999999999999 0.05624899999999999
2 0.305859375 0.71171825 0.1375 0.13281299999999996
2 0.26328125 0.07265674999999999 0.03906299999999999 0.025
2 0.2685546875 0.126562 0.039061999999999986 0.032812999999999995
2 0.2859375 0.0494135625 0.046875 0.034376
2 0.423828125 0.8078125 0.098437 0.07968699999999995
2 0.4435551875 0.374609375 0.05312499999999998 0.07499999999999996
2 0.478516125 0.3248051875 0.035937 0.053124000000000005
2 0.49296825 0.1875 0.03906299999999996 0.03125
2 0.5001958125 0.151172375 0.042186999999999975 0.04375000000000001
2 0.5123046875 0.0859375 0.03906199999999993 0.046875
2 0.5251948125 0.1951176875 0.042188 0.03906200000000001
2 0.5138676875 0.01328175 0.007812000000000041 0.025
2 0.53515675 0.0126953125 0.024998999999999993 0.026563
2 0.5447260625 0.0767573125 0.018750999999999962 0.026563000000000003
2 0.55078075 0.1951176875 0.02343799999999996 0.03906200000000001
2 0.79140625 0.1146489375 0.03906300000000007 0.046873999999999985
2 0.7966791875 0.069921875 0.021876000000000007 0.028125000000000004
2 0.823827625 0.1474609375 0.051563000000000025 0.04531199999999999
2 0.84609425 0.114063 0.04062499999999991 0.0625
2 0.8818359375 0.2466801875 0.07656300000000005 0.08437399999999998
