0 0.6914060625 0.4908856666666666 0.11230499999999999 0.117187
0 0.2431640625 0.8554689999999999 0.11328100000000002 0.125
0 0.331055125 0.8997398333333333 0.098632 0.12109399999999997
0 0.396484 0.85286425 0.09375 0.13411499999999998
0 0.4101561875 0.727865 0.08496100000000001 0.12630200000000005
0 0.412109 0.9375003333333334 0.063477 0.07552000000000003
0 0.476563 0.7656247500000001 0.09472600000000003 0.08593799999999992
0 0.534179375 0.9622393333333333 0.07519600000000004 0.0729169999999999
0 0.6972655625 0.33203125 0.09765599999999997 0.132813
0 0.73437475 0.2929689166666667 0.08593800000000007 0.09244799999999993
0 0.7539065 0.4414065833333334 0.109375 0.14583299999999996
0 0.77343725 0.97916625 0.10156300000000007 0.039062999999999924
0 0.8613283125 0.9700518333333333 0.08886700000000003 0.0572919999999999
0 0.925781125 0.9244795833333334 0.09960900000000006 0.14453099999999988
