1 0.23265625 0.7804166666666666 0.35312499999999997 0.39749999999999996
1 0.08984375 0.65119825 0.180625 0.291666
1 0.1051953125 0.46322883333333337 0.08937500000000001 0.12083400000000004
1 0.16789062500000002 0.24328091666666665 0.20875 0.31
1 0.258203125 0.39406283333333336 0.254375 0.36999999999999994
1 0.440546875 0.4841663333333333 0.30874999999999997 0.4175
1 0.45 0.2571875 0.18937500000000002 0.10999999999999999
1 0.5198437499999999 0.13671875 0.2425 0.274167
1 0.6585546875 0.67494825 0.35124999999999995 0.47833299999999995
1 0.6930859375 0.0859375 0.23249999999999993 0.1725
1 0.7590625 0.31510449999999995 0.360625 0.423333
1 0.901875 0.5642711666666668 0.1875 0.380833
1 0.9106640625 0.19979166666666667 0.17562500000000003 0.365833
