1 0.022695312500000002 0.6617478102189781 0.026874999999999996 0.045837999999999976
1 0.0739453125 0.6036371021897811 0.025624999999999995 0.040223999999999954
1 0.0977734375 0.571717394160584 0.030625 0.032741000000000034
1 0.1083203125 0.4247386861313869 0.026874999999999996 0.028998999999999966
1 0.1215625 0.775760102189781 0.016874999999999987 0.03835399999999992
1 0.1472265625 0.5275676642335767 0.03437500000000002 0.04957899999999991
1 0.1889453125 0.5698473941605839 0.02562500000000001 0.03461100000000006
1 0.204140625 0.3903531021897811 0.020625000000000004 0.04022500000000004
1 0.2063671875 0.18631139416058393 0.021875000000000006 0.032740000000000026
1 0.2159765625 0.45939237226277374 0.03375 0.05332099999999997
1 0.2392578125 0.5557016861313869 0.04125000000000001 0.028063999999999995
1 0.2739453125 0.04517110218978102 0.026875000000000038 0.038353
1 0.277421875 0.9442548102189781 0.02812500000000001 0.04583800000000006
1 0.2833984375 0.0968475182481752 0.029374999999999984 0.050513999999999996
1 0.2832421875 0.12644239416058395 0.021874999999999978 0.03461100000000002
1 0.2908984375 0.014598540145985401 0.030625000000000013 0.031805
1 0.31734375 0.980511394160584 0.024375000000000036 0.03461199999999994
1 0.333125 0.8466703722627738 0.03187499999999999 0.05519199999999997
1 0.3456640625 0.10837095620437956 0.018750000000000044 0.04209500000000001
1 0.3544140625 0.12999966423357665 0.018125000000000002 0.046772
1 0.3828125 0.15106183211678834 0.015625 0.025257
1 0.4026171875 0.16509283211678832 0.023125000000000007 0.026193
1 0.4394921875 0.14608639416058394 0.023125000000000007 0.034612000000000004
1 0.4627734375 0.12251566423357665 0.030625000000000013 0.047708
1 0.5658203125 0.6349172481751825 0.026874999999999982 0.03648299999999993
1 0.6175 0.572767102189781 0.03187499999999999 0.04022400000000003
1 0.6197265625 0.6090226861313868 0.03437499999999993 0.02712800000000006
1 0.6290625 0.6936665182481752 0.016249999999999987 0.051450000000000065
1 0.6733203125 0.5493801021897811 0.02562500000000001 0.040225
1 0.7084765625 0.5315360802919709 0.03437499999999993 0.058932999999999985
1 0.7205859375 0.8421060802919709 0.04625000000000001 0.05893399999999995
1 0.756875 0.8376138102189781 0.03187499999999999 0.04396600000000002
1 0.76875 0.6121688102189781 0.03312499999999996 0.04583800000000006
1 0.79046875 0.5600102262773723 0.024374999999999925 0.056127000000000024
1 0.822890625 0.5093825182481752 0.020625000000000004 0.052385000000000036
1 0.83296875 0.6349172481751825 0.024374999999999925 0.03648299999999993
1 0.8500390625 0.4908582481751824 0.01937499999999992 0.03648200000000005
1 0.86125 0.6751422481751825 0.03312500000000007 0.036483000000000015
1 0.8599609375 0.6115312481751825 0.015000000000000013 0.03648299999999993
1 0.8695703125 0.8935560802919708 0.026874999999999982 0.059869000000000006
