2 0.2353515625 0.7135413333333332 0.03417999999999999 0.041667000000000044
2 0.2558589375 0.7552081666666668 0.04589900000000002 0.03776099999999986
2 0.25292943749999997 0.7343755 0.030273999999999995 0.04817700000000006
2 0.2714839375 0.7135420833333334 0.04492200000000002 0.03515599999999989
2 0.2705081875 0.7708334999999998 0.023436999999999986 0.046875
2 0.2890625 0.7552078333333334 0.017577999999999983 0.057292000000000044
2 0.3037106875 0.7005210833333333 0.037109999999999976 0.03515600000000004
2 0.303711 0.7838540833333334 0.03222599999999998 0.03515599999999989
2 0.30957 0.71744825 0.03125 0.04036399999999999
2 0.3271485 0.76822925 0.04785099999999998 0.04036400000000014
2 0.323242 0.6809899166666668 0.032227000000000006 0.029947999999999936
2 0.3271483125 0.7942706666666668 0.02636700000000003 0.020833999999999797
2 0.354492125 0.6796871666666666 0.037109 0.036459000000000095
2 0.360352 0.7213540000000002 0.03320299999999998 0.03125
2 0.361327875 0.7760415833333334 0.02734399999999998 0.019530999999999892
2 0.3740234375 0.7343754166666666 0.029297000000000017 0.04557200000000009
2 0.3847654375 0.78385375 0.030274000000000023 0.024739999999999984
2 0.3867185625 0.755208 0.034180000000000044 0.03255200000000006
2 0.399414 0.6914058333333334 0.032227000000000006 0.027344000000000108
2 0.3994141875 0.7317713333333332 0.023436999999999986 0.04296800000000012
2 0.4169924375 0.6953127499999999 0.030272999999999994 0.024738999999999994
2 0.4130860625 0.7760415000000002 0.018554999999999988 0.015625
2 0.423828 0.75520875 0.03125 0.026041000000000054
2 0.42773425 0.73307325 0.039063000000000014 0.04036399999999999
2 0.4287104375 0.7148441666666666 0.029297000000000017 0.037760000000000016
