2 0.9459375 0.2718389884393064 0.07999999999999996 0.135061
2 0.0556640625 0.7004429942196532 0.113125 0.567068
2 0.1083984375 0.3036150578034682 0.216875 0.3358
2 0.14453125 0.0953757225433526 0.29 0.193339
2 0.23246093750000002 0.7203946936416185 0.29624999999999996 0.52544
2 0.28546875 0.30153471098265894 0.24375000000000002 0.32470000000000004
2 0.346328125 0.10838150289017341 0.193125 0.217391
2 0.5421875 0.7475728265895955 0.29750000000000004 0.4949119999999999
2 0.5361328125 0.36443409826589596 0.229375 0.3700279999999999
2 0.5487890625 0.10404624277456648 0.17562499999999998 0.208141
2 0.7425390625 0.14017341040462428 0.20624999999999993 0.282146
2 0.8037109375 0.38698061849710985 0.26375000000000004 0.38853
2 0.8455078125 0.7490179132947978 0.2925000000000001 0.49861200000000006
2 0.92421875 0.14595375722543352 0.14937500000000004 0.293247
2 0.939375 0.4269285722543353 0.09437499999999999 0.42090700000000003
