1 0.04999067496339678 0.460390625 0.038460999999999995 0.020625000000000004
1 0.11208803074670572 0.3451953125 0.025328999999999997 0.02562500000000001
1 0.11982054612005855 0.2515234375 0.036585999999999994 0.030625000000000013
1 0.16983715959004392 0.420234375 0.02814300000000001 0.012500000000000011
1 0.18901103074670572 0.405234375 0.025328999999999977 0.011875000000000024
1 0.19381528843338214 0.4959375 0.030957 0.015625000000000056
1 0.22166067496339678 0.4602734375 0.038461000000000016 0.030625000000000013
1 0.24511267496339678 0.3370703125 0.038461000000000016 0.025624999999999953
1 0.28210954612005856 0.33046875 0.03564799999999998 0.024375000000000036
1 0.2853364172767203 0.081015625 0.03377100000000001 0.020625000000000004
1 0.2855197730600293 0.113515625 0.01782399999999999 0.020625000000000004
1 0.30732428843338216 0.4839453125 0.030018999999999938 0.02562500000000001
1 0.3756209326500731 0.31546875 0.045966 0.023749999999999993
1 0.3915679326500732 0.297890625 0.04596599999999996 0.020625000000000004
1 0.407927803806735 0.4178515625 0.04315200000000003 0.03375
1 0.42863490190336745 0.2890625 0.022515000000000007 0.017500000000000016
1 0.45419141727672036 0.3055859375 0.03377100000000005 0.014999999999999958
1 0.4571196749633968 0.426015625 0.03846199999999999 0.020625000000000004
1 0.47306767496339674 0.37171875 0.0384610000000001 0.023749999999999993
1 0.48533277306002925 0.1432421875 0.018761999999999963 0.022499999999999992
1 0.500044159590044 0.3126171875 0.028142000000000056 0.02250000000000002
1 0.5236805153733528 0.1559375 0.013133000000000053 0.015625
1 0.6284479019033676 0.1902734375 0.020637999999999917 0.030624999999999986
1 0.6861269326500733 0.2100390625 0.04596599999999988 0.01874999999999999
1 0.752204803806735 0.462421875 0.04315200000000003 0.028749999999999998
