0 0.046671000000000004 0.2786778125 0.032679 0.042483999999999966
0 0.0633109375 0.252553 0.045751 0.032680000000000015
0 0.0984671875 0.492239 0.116013 0.12581700000000007
0 0.08815825 0.283279875 0.039216 0.02777799999999997
0 0.183926 0.210745625 0.032678999999999986 0.019608000000000014
0 0.3487216875 0.6918980625 0.318628 0.29901900000000003
0 0.2810389375 0.4425615625 0.171569 0.12745099999999998
0 0.2205304375 0.2032330625 0.03104599999999999 0.01797399999999999
0 0.304802625 0.811976875 0.05228700000000003 0.05882299999999996
0 0.376110875 0.1895935 0.18463999999999997 0.142157
0 0.4859009375 0.424696625 0.35784299999999997 0.238562
0 0.691163875 0.6132236875 0.341503 0.256536
0 0.6918596875 0.2829163125 0.318627 0.21405200000000002
0 0.8817086875 0.4206045625 0.16339800000000004 0.158497
