0 0.5604701249999999 0.18405325 0.161765 0.13398700000000002
0 0.0639491875 0.5783734375 0.053921000000000004 0.029411999999999994
0 0.0848145 0.8917035625 0.078431 0.06535999999999997
0 0.13548668749999998 0.49338725 0.070262 0.04085
0 0.2047913125 0.617851 0.05718900000000002 0.06372599999999995
0 0.3778408125 0.3284825 0.13561999999999996 0.14215699999999998
0 0.473588375 0.6150879375 0.13725499999999996 0.13888900000000004
0 0.4788095 0.6935956875 0.14215699999999998 0.10130700000000004
0 0.510212 0.50793975 0.12581699999999996 0.11764699999999995
0 0.55348775 0.699231875 0.05555500000000002 0.05882300000000007
0 0.6185084375 0.74267225 0.062092000000000036 0.07189599999999996
0 0.696882875 0.4576250625 0.08986899999999998 0.11274499999999998
0 0.75431425 0.70692925 0.13398700000000008 0.13398700000000008
0 0.8020769375 0.4625270625 0.10784300000000002 0.11274499999999998
0 0.8609575 0.1701581875 0.07843199999999995 0.053921
0 0.8772783125 0.2524570625 0.08823599999999998 0.0817
0 0.9024649375 0.230596 0.076797 0.06372599999999998
