2 0.15113472687224672 0.8377734375 0.17779899999999996 0.09187500000000004
2 0.05433186490455213 0.7695703125 0.109125 0.08875
2 0.08496329368575625 0.7103515625 0.113829 0.09687500000000004
2 0.18412972540381792 0.6937890625 0.157102 0.11312499999999992
2 0.23286386930983843 0.7401171875 0.17215400000000003 0.11624999999999996
2 0.26416072393538914 0.6255859375 0.136407 0.10749999999999993
2 0.283343436123348 0.867265625 0.10724300000000002 0.05249999999999999
2 0.3427701527165932 0.829921875 0.13922800000000005 0.05999999999999994
2 0.34449043612334806 0.7954296875 0.10818499999999998 0.06874999999999998
2 0.3960934390602056 0.87421875 0.14863600000000005 0.05624999999999991
2 0.45210072834067544 0.7636328125 0.197554 0.135
2 0.4304868678414097 0.6995703125 0.15239899999999998 0.08875
2 0.4419597239353892 0.636640625 0.13546599999999998 0.05249999999999999
2 0.4944810073421439 0.8378125 0.10536200000000012 0.07874999999999999
2 0.5460140117474303 0.6896484375 0.16462800000000002 0.09187499999999993
2 0.5179531483113069 0.7589453125 0.07902200000000001 0.05812499999999998
2 0.5863742936857562 0.7881640625 0.11382899999999996 0.11249999999999993
