0 0.668203125 0.2838895095168375 0.06812499999999999 0.10318999999999999
0 0.19078125 0.6492433191800879 0.03999999999999998 0.05347099999999991
0 0.3060546875 0.9101455768667642 0.03812500000000002 0.05910000000000007
0 0.3443359375 0.6883447057101025 0.044999999999999984 0.06191400000000008
0 0.3397265625 0.7765257057101024 0.03437499999999999 0.061913000000000024
0 0.4334765625 0.5361471903367495 0.03437499999999999 0.05065700000000006
0 0.435703125 0.3735164172767203 0.03562499999999996 0.034709000000000066
0 0.4447265625 0.68358460761347 0.03500000000000003 0.08255200000000008
0 0.4565625 0.7885363499267936 0.04750000000000004 0.076923
0 0.4890234375 0.8258759941434847 0.06187500000000001 0.09099400000000003
0 0.4982421875 0.668899159590044 0.02250000000000002 0.029081000000000006
0 0.524296875 0.7690648653001464 0.06000000000000005 0.08817999999999994
0 0.5271875 0.6850045768667643 0.04749999999999999 0.060037999999999876
0 0.53859375 0.2575793499267936 0.055625000000000036 0.07879899999999995
0 0.541015625 0.9095051903367496 0.05125000000000002 0.05159499999999995
0 0.5667578125 0.30272160761347 0.041874999999999996 0.08442800000000003
0 0.636796875 0.5038143806734993 0.059374999999999956 0.10131300000000007
0 0.652421875 0.3376149633967789 0.05874999999999997 0.06941800000000005
0 0.68234375 0.57570460761347 0.05499999999999994 0.08255199999999992
0 0.7071484375 0.8322144787701319 0.030625000000000013 0.0806749999999999
0 0.7297265625 0.4707528653001464 0.06499999999999995 0.0881800000000001
0 0.744609375 0.8210976749633968 0.04312499999999997 0.040337999999999936
0 0.7640625 0.5152547364568082 0.04875000000000007 0.08536600000000001
0 0.806171875 0.8495123499267936 0.05874999999999997 0.076923
0 0.800859375 0.9063935768667644 0.043749999999999956 0.06097499999999988
