2 0.42416633333333337 0.5904296875 0.16666699999999998 0.19437499999999996
2 0.49203125 0.505 0.16416699999999995 0.09562499999999996
2 0.48557325 0.4457421875 0.134166 0.085625
2 0.5169788333333334 0.35609375 0.18416699999999997 0.11812500000000004
2 0.5515104166666667 0.29488281250000004 0.13916699999999996 0.10437499999999997
2 0.5826559166666666 0.454453125 0.15416700000000003 0.13
2 0.6171354166666666 0.2709765625 0.1708330000000001 0.12812500000000002
2 0.62869825 0.1744921875 0.16416600000000003 0.11624999999999999
2 0.6773434166666666 0.398515625 0.13833399999999996 0.11499999999999999
2 0.7116145833333333 0.15089843749999998 0.14583299999999996 0.123125
2 0.7273961666666667 0.355 0.16166599999999987 0.09562500000000002
2 0.7652086666666666 0.27523437500000003 0.17916599999999994 0.10624999999999998
2 0.8366145833333333 0.2112109375 0.14583299999999996 0.10750000000000001
2 0.8579163333333334 0.30582031249999997 0.10499999999999983 0.12000000000000002
