1 0.08411491666666666 0.230078375 0.12395800000000001 0.07578099999999999
1 0.08177050000000001 0.1349611875 0.110417 0.08593700000000001
1 0.08776041666666667 0.32187475 0.10937499999999999 0.08593800000000001
1 0.0984375 0.4162109375 0.10937500000000001 0.07734400000000002
1 0.0984375 0.5025390625 0.10937500000000001 0.08124999999999993
1 0.20911424999999997 0.1330080625 0.10312500000000004 0.08125000000000002
1 0.21380241666666666 0.232421625 0.10729099999999998 0.08359400000000003
1 0.21380241666666666 0.3210935 0.10729099999999998 0.078907
1 0.21536425 0.417578375 0.10312499999999998 0.07500000000000001
1 0.33098958333333334 0.12793018750000001 0.1125 0.085937
1 0.3338541666666666 0.224609375 0.10000000000000009 0.07421899999999998
1 0.3364583333333333 0.3208981875 0.10520800000000004 0.08437500000000003
1 0.3364583333333333 0.4115229375 0.10520800000000004 0.07734399999999997
1 0.3398434166666666 0.6673830625 0.10937499999999996 0.08124999999999993
1 0.6763024166666667 0.1349611875 0.10833299999999986 0.08593700000000001
1 0.6770833333333334 0.2263671875 0.10624999999999989 0.08593699999999999
1 0.6770833333333334 0.323046625 0.10624999999999989 0.08281300000000003
1 0.6802083333333334 0.5101565 0.10520799999999997 0.07890600000000003
1 0.6828125000000002 0.4171875 0.10937500000000007 0.07968700000000001
1 0.7973955 0.4166020625 0.11145899999999997 0.08124900000000002
1 0.7994795 0.3226565 0.109375 0.07968700000000001
1 0.8007815833333334 0.2291020625 0.11249999999999998 0.08124899999999999
1 0.8010413333333334 0.1335935 0.10520900000000004 0.07968800000000001
1 0.91953125 0.2263671875 0.10312500000000006 0.08437499999999998
1 0.91953125 0.3240229375 0.10312500000000006 0.07734400000000002
1 0.9234375 0.67265575 0.109375 0.08593799999999996
1 0.9234375 0.13183618749999998 0.11145799999999983 0.08437500000000002
1 0.9242184166666666 0.417578625 0.10729200000000017 0.082812
