2 0.2157421875 0.7481196470588235 0.115625 0.239171
2 0.2784375 0.5978952352941176 0.10999999999999999 0.14406800000000003
2 0.3083984375 0.8760856470588235 0.12312499999999998 0.14030099999999998
2 0.282421875 0.8035061764705882 0.058750000000000024 0.208098
2 0.3316015625 0.35153976470588233 0.09625 0.160075
2 0.351796875 0.7310650588235295 0.08999999999999997 0.18549899999999991
2 0.39375 0.43780864705882355 0.09562500000000002 0.19114899999999993
2 0.41828125 0.822222 0.133125 0.20244799999999985
2 0.4087890625 0.1552064705882353 0.11249999999999999 0.182674
2 0.440234375 0.4810064705882353 0.10625000000000001 0.183616
2 0.5029296875 0.23631323529411766 0.09999999999999998 0.14312599999999998
2 0.6269921875 0.2615038823529412 0.11687500000000006 0.13088599999999995
