2 0.6024475833333334 0.298828125 0.14500000000000002 0.09875
2 0.3641149166666667 0.53734375 0.18666599999999997 0.11812500000000004
2 0.40369825 0.6261328125 0.16416600000000003 0.104375
2 0.44187466666666664 0.6980078125 0.17750000000000007 0.135
2 0.48937533333333333 0.3986328125 0.13666599999999995 0.07375000000000004
2 0.5010940833333334 0.48125 0.159166 0.09562500000000002
2 0.5380729166666667 0.6560546875 0.09333300000000004 0.07000000000000006
2 0.6008333333333332 0.7376171875 0.16833300000000007 0.14749999999999996
2 0.57744825 0.6165234375 0.10416599999999998 0.09249999999999992
2 0.6101041666666668 0.4300390625 0.1316669999999999 0.08187499999999998
2 0.6587496666666667 0.5176953125 0.14749999999999996 0.12
2 0.6773954999999999 0.333203125 0.07916699999999992 0.09875
2 0.6983336666666666 0.4496484375 0.08583300000000005 0.09187499999999998
2 0.7313020833333334 0.3897265625 0.13000000000000003 0.09750000000000003
2 0.7194791666666668 0.7483984375 0.09999999999999994 0.09187500000000004
2 0.8391670000000001 0.739765625 0.12749999999999995 0.08374999999999999
