2 0.0625 0.5086684055201699 0.126875 0.16440200000000002
2 0.1455078125 0.6858125350318472 0.2925 0.2567929999999999
2 0.23628906249999998 0.5846714012738853 0.23812500000000003 0.19429400000000005
2 0.2109765625 0.35615711252653925 0.12812500000000002 0.216033
2 0.462265625 0.6888701040339702 0.364375 0.2758150000000001
2 0.5373828125 0.4717301167728238 0.229375 0.1861409999999999
2 0.636953125 0.5969834055201698 0.19187500000000002 0.1644029999999999
2 0.714765625 0.4946578322717622 0.145625 0.17662999999999995
2 0.8367578125 0.6491275350318471 0.32375 0.25679400000000013
2 0.827578125 0.4462546857749469 0.1612499999999999 0.203805
2 0.9485546875 0.4344512590233546 0.10062499999999996 0.190217
