2 0.1744795 0.333671875 0.266666 0.15375
2 0.1171875 0.7912109375 0.235 0.1087499999999999
2 0.13932291666666666 0.7144140625 0.28 0.11250000000000004
2 0.05984408333333333 0.6216015625 0.09666599999999999 0.09750000000000003
2 0.1461455 0.5862109375 0.26666700000000004 0.17125
2 0.08791666666666666 0.2649609375 0.14833300000000002 0.10875000000000001
2 0.22807325 0.5173046875 0.383333 0.22624999999999995
2 0.2967705 0.8063671875 0.29833400000000004 0.11624999999999996
2 0.34807324999999995 0.6937890625 0.13500000000000004 0.14374999999999993
2 0.4328125 0.250625 0.26666700000000004 0.15625
2 0.4608857499999999 0.8647265625 0.15000000000000005 0.12875000000000003
2 0.5148440833333333 0.78625 0.09666599999999992 0.06374999999999997
2 0.5583333333333332 0.401015625 0.16666700000000004 0.08250000000000002
2 0.6661975833333332 0.6905078125 0.20666700000000007 0.22999999999999998
2 0.7657291666666667 0.28996093749999996 0.16166699999999987 0.23374999999999999
2 0.8587503333333334 0.5254687499999999 0.106666 0.08749999999999997
2 0.9406246666666668 0.5055468750000001 0.11499999999999992 0.18375000000000002
