2 0.25745223529411765 0.7121875 0.09322099999999998 0.08000000000000007
2 0.12362605882352941 0.69734375 0.08568800000000001 0.05624999999999991
2 0.12040023529411764 0.4635546875 0.04331400000000002 0.03875000000000001
2 0.18418629411764706 0.6719140625 0.079096 0.04937500000000006
2 0.2006705882352941 0.475625 0.053672000000000004 0.03249999999999997
2 0.24650176470588236 0.8779296875 0.11016999999999993 0.06999999999999995
2 0.2421015882352941 0.6034765625 0.053672000000000046 0.06624999999999992
2 0.2941229411764706 0.580859375 0.066855 0.04437500000000005
2 0.2955935294117647 0.5460546875 0.06968000000000003 0.03749999999999998
2 0.3449709411764706 0.6063671875 0.06685500000000004 0.05437500000000006
2 0.3566194705882353 0.762265625 0.084745 0.05125000000000002
2 0.37898511764705883 0.520546875 0.07250499999999997 0.028750000000000053
2 0.39712005882352946 0.4808984375 0.03672299999999997 0.030625000000000013
2 0.45455805882352934 0.5373046875 0.03578200000000004 0.03749999999999998
2 0.48568435294117646 0.4986328125 0.06402999999999996 0.04125000000000001
2 0.5644202352941176 0.6796484375 0.09227900000000004 0.061249999999999916
2 0.6552925294117647 0.6090234375 0.06967999999999994 0.06125000000000003
2 0.6700622941176471 0.5717578125 0.077213 0.04125000000000001
2 0.6623598235294117 0.525859375 0.04614000000000001 0.04437499999999994
2 0.6877732352941177 0.690546875 0.09321999999999996 0.05999999999999994
2 0.7011352941176471 0.5403125 0.07721299999999992 0.04812499999999997
2 0.7305586470588236 0.6553125 0.08945400000000005 0.048125000000000084
2 0.7887701764705881 0.58171875 0.05649700000000016 0.05500000000000005
2 0.7891302941176471 0.5230078125 0.02824800000000009 0.04250000000000009
