2 0.51888025 0.5791019374999999 0.22721300000000005 0.20117199999999996
2 0.2522783125 0.4016925 0.181641 0.23567700000000003
2 0.33593724999999997 0.5641276875 0.196615 0.19466099999999997
2 0.3154296875 0.26074268749999996 0.07031199999999999 0.100911
2 0.3889974375 0.4208981875 0.155599 0.147136
2 0.410807 0.1435549375 0.188151 0.171224
2 0.455729 0.260417 0.25130199999999997 0.25130199999999997
2 0.559896 0.391275625 0.188151 0.238282
2 0.5791014375 0.09602843750000001 0.15559900000000004 0.12304699999999999
2 0.5667315625 0.2112626875 0.128255 0.162761
2 0.6832683125 0.5690105 0.18294300000000008 0.203125
2 0.703124875 0.186198 0.18489600000000006 0.157552
2 0.730468875 0.1051436875 0.15364599999999995 0.100911
2 0.837890875 0.2721355 0.18359399999999992 0.26627599999999996
