2 0.63296875 0.20835282284040996 0.18000000000000005 0.246717
2 0.3217578125 0.2755972093704246 0.1675 0.25609699999999996
2 0.3320703125 0.06734992679355783 0.15062499999999995 0.136961
2 0.36078125 0.6499815285505125 0.19687500000000002 0.30956800000000007
2 0.3634375 0.1685055095168375 0.078125 0.10412699999999998
2 0.4653515625 0.3861769516837482 0.16000000000000003 0.24953099999999992
2 0.4728515625 0.1654552767203514 0.15999999999999998 0.21106899999999998
2 0.456640625 0.0527086383601757 0.114375 0.10788
2 0.5725 0.06442166910688141 0.09375 0.130394
2 0.6558203125 0.0527086383601757 0.1512500000000001 0.10788
2 0.7083984375 0.42895173645680823 0.06125000000000003 0.08630300000000002
2 0.786796875 0.7294563572474378 0.21625000000000005 0.463414
2 0.7558203125 0.5601088843338214 0.15125 0.29362099999999997
2 0.8590625 0.4896645651537335 0.1725000000000001 0.24014999999999997
