0 0.2266015625 0.7673046875 0.12750000000000003 0.09999999999999998
0 0.4794921875 0.3237890625 0.960625 0.20687499999999998
0 0.4921875 0.4537890625 0.984375 0.393125
0 0.5255078125 0.5517578125 0.9475 0.541875
0 0.398046875 0.9449609375 0.15375 0.10812500000000003
0 0.451875 0.8646875 0.03249999999999997 0.015625
0 0.488359375 0.8548046875 0.044375 0.038124999999999964
0 0.5130078124999999 0.825859375 0.04124999999999995 0.04437500000000005
0 0.531875 0.7816796875 0.03249999999999997 0.03749999999999998
0 0.581015625 0.7688671875 0.05125000000000002 0.05312499999999998
0 0.6035546875 0.7284765625 0.03750000000000009 0.03437499999999993
0 0.64203125 0.7155078125 0.04062499999999991 0.04250000000000009
0 0.752109375 0.6176171875 0.13687500000000008 0.14687499999999998
0 0.8635546875 0.5043359375 0.07000000000000006 0.10749999999999998
0 0.9123828125 0.444765625 0.010624999999999996 0.020625000000000004
0 0.9153125 0.430859375 0.015625 0.011875000000000024
0 0.9262109375 0.4418359375 0.013749999999999929 0.013749999999999984
