2 0.726675125 0.5003299411764706 0.13 0.21739100000000006
2 0.27637175 0.5214049999999999 0.118889 0.2006690000000001
2 0.32738737500000004 0.4068853529411765 0.19999999999999998 0.21237499999999998
2 0.281015625 0.5992176470588235 0.08333299999999999 0.14046899999999998
2 0.3771484375 0.6767802941176471 0.15444400000000003 0.227425
2 0.3648564375 0.5493360588235293 0.123334 0.0869570000000001
2 0.3665061875 0.7963999411764706 0.11555499999999996 0.16555200000000006
2 0.45963575 0.8527934117647058 0.087777 0.1488300000000001
2 0.4840498125 0.48995182352941175 0.13555499999999998 0.244147
2 0.471319 0.6917128823529411 0.09444500000000006 0.18060200000000004
2 0.561389 0.8222065882352942 0.12666699999999997 0.20568499999999998
2 0.564956375 0.3551293529411765 0.10666700000000007 0.162208
2 0.6063063125 0.6728310588235294 0.15222199999999997 0.23578599999999997
2 0.6090325625 0.5075057647058823 0.128888 0.16053500000000007
2 0.6737109375 0.4263724117647059 0.10777800000000004 0.14715699999999998
2 0.69414975 0.656915705882353 0.118888 0.22575199999999987
