2 0.5267578125 0.3450384390602056 0.073125 0.147556
2 0.2957421875 0.28664958149779735 0.08437500000000003 0.14285799999999998
2 0.316171875 0.18878986343612336 0.09000000000000002 0.088346
2 0.3478125 0.3411015829662261 0.11124999999999996 0.16165400000000002
2 0.3577734375 0.12952100440528633 0.060624999999999984 0.06297
2 0.3816015625 0.23777872099853153 0.06562499999999999 0.09492500000000004
2 0.3951171875 0.1753971483113069 0.08499999999999996 0.077068
2 0.4352734375 0.370590295154185 0.09187499999999998 0.1334590000000001
2 0.422421875 0.116715577092511 0.058750000000000024 0.08082700000000001
2 0.4504296875 0.2788968663729809 0.10124999999999995 0.130639
2 0.4618359375 0.14902214977973569 0.07812499999999994 0.09962399999999999
2 0.477578125 0.11548186343612334 0.09874999999999995 0.09022499999999999
2 0.4776171875 0.2042384346549192 0.085625 0.08552600000000005
2 0.5345703125 0.2478818663729809 0.08812500000000001 0.13063900000000003
2 0.5180859375 0.12388200440528635 0.04625000000000001 0.06296999999999998
2 0.5426171875 0.18673300734214393 0.08499999999999996 0.10338399999999999
2 0.575078125 0.16123901027900145 0.0675 0.145676
2 0.601796875 0.32283401174743026 0.08999999999999997 0.16447300000000004
2 0.6164453125 0.18003714977973567 0.057499999999999996 0.09962399999999999
2 0.6401171875 0.25334401027900144 0.08437499999999998 0.14661700000000003
