0 0.8415234375 0.3544791666666667 0.09250000000000003 0.10083300000000002
0 0.03 0.9430725833333332 0.0325 0.05166700000000013
0 0.0679296875 0.9683333333333334 0.03874999999999999 0.04333299999999992
0 0.0828515625 0.9397395833333334 0.034375 0.04999999999999997
0 0.20390625 0.85453125 0.19624999999999998 0.2891670000000001
0 0.13828125 0.3258854166666667 0.04000000000000001 0.10833299999999994
0 0.1461328125 0.4572916666666667 0.04125000000000001 0.11583299999999992
0 0.33902343749999997 0.3317711666666667 0.31125 0.38250000000000006
0 0.7409375 0.7695315833333334 0.51625 0.4575
0 0.6082421875 0.022135416666666668 0.21062499999999995 0.04666699999999999
0 0.7526171875 0.30078125 0.49187500000000006 0.603333
