2 0.5928125 0.30671841666666666 0.23625000000000002 0.23333400000000004
2 0.1289453125 0.32192675 0.213125 0.244167
2 0.1184765625 0.5546354166666666 0.19 0.29583300000000007
2 0.1604296875 0.80421875 0.225 0.2750000000000001
2 0.2081640625 0.13729166666666667 0.20562500000000003 0.24
2 0.2837890625 0.5986458333333333 0.206875 0.308333
2 0.338984375 0.33286425000000003 0.200625 0.29083400000000004
2 0.3890234375 0.8451045 0.21749999999999997 0.29750000000000004
2 0.3971875 0.1171875 0.203125 0.236667
2 0.4933203125 0.5626045000000001 0.24437499999999995 0.29749999999999993
2 0.5780859375 0.84067675 0.26500000000000007 0.3058340000000001
2 0.601015625 0.11067708333333333 0.20875000000000005 0.2225
2 0.79859375 0.5890100833333333 0.3375 0.3475
2 0.7889453125 0.12640591666666667 0.213125 0.218334
2 0.806640625 0.8588538333333333 0.239375 0.2783340000000001
2 0.8292578125 0.30682291666666667 0.260625 0.280833
