2 0.7026747142857143 0.4103651875 0.13024900000000006 0.11566899999999997
2 0.27630548979591835 0.5243148125 0.12339400000000003 0.136177
2 0.3564487551020409 0.5840444375 0.13967399999999994 0.09269899999999998
2 0.3881603265306122 0.690219375 0.18166200000000005 0.168991
2 0.3570902448979592 0.3198934375 0.06255399999999997 0.09187899999999999
2 0.4099035714285715 0.2609838125 0.14395899999999992 0.13617700000000002
2 0.5779011020408165 0.725884875 0.17566399999999993 0.15340399999999998
2 0.6532625714285715 0.28504775 0.14395900000000003 0.149302
2 0.7212444285714287 0.6735384375 0.15852699999999997 0.15504600000000002
2 0.7497257959183673 0.5486896875 0.14909999999999993 0.19442199999999998
