0 0.6404296875 0.182812 0.10000000000000009 0.09375
0 0.042578125 0.7412104375 0.035938 0.029687999999999937
0 0.1712885625 0.7048823125 0.06562600000000002 0.057813
0 0.2123046875 0.8888676875 0.039061999999999986 0.03906200000000004
0 0.2787104375 0.866796875 0.029687999999999992 0.028124999999999956
0 0.2937495 0.8515625 0.01718799999999998 0.015625
0 0.31640625 0.5001953125 0.04062500000000002 0.02656300000000006
0 0.389453125 0.4869145625 0.06718799999999997 0.06562400000000002
0 0.617188 0.57109375 0.18906200000000006 0.33749999999999997
0 0.6228515625 0.8818354375 0.06562500000000004 0.06093799999999994
0 0.7513676875 0.5580078125 0.03906199999999993 0.042186999999999975
0 0.79609375 0.5765625 0.05624999999999991 0.04843700000000006
0 0.8224614375 0.2486333125 0.06093700000000002 0.057812
0 0.8326166875 0.725 0.03750000000000009 0.03281299999999998
0 0.8634765625 0.590234875 0.06562499999999993 0.059374999999999956
0 0.8625 0.734375 0.03125 0.03125
0 0.8740234375 0.166796875 0.029688000000000048 0.028124999999999983
0 0.8962885625 0.142578125 0.034375000000000044 0.035938
0 0.9404296875 0.5615234375 0.03749999999999998 0.029688000000000048
0 0.94609325 0.60234325 0.04062600000000005 0.03906299999999996
