2 0.279921875 0.6941149166666666 0.15375 0.18500000000000005
2 0.0400390625 0.5483336666666666 0.080625 0.08416600000000012
2 0.046875 0.6496350833333334 0.095 0.12916699999999995
2 0.097265625 0.6968746666666666 0.14625000000000002 0.17916699999999994
2 0.088046875 0.4745315833333334 0.12187500000000001 0.08333299999999988
2 0.1844140625 0.51901075 0.175625 0.18083300000000002
2 0.190390625 0.4294274166666667 0.08249999999999999 0.07749999999999997
2 0.2543359375 0.4433336666666667 0.07624999999999998 0.08583299999999998
2 0.309375 0.457292 0.09437499999999999 0.15833299999999997
2 0.3590625 0.5551045 0.140625 0.17333299999999996
2 0.3588671875 0.41375 0.05437500000000001 0.06416700000000002
2 0.4184375 0.4661979166666667 0.140625 0.12249999999999998
2 0.497890625 0.6688024166666667 0.14562500000000006 0.170833
2 0.4937109375 0.4609892500000001 0.10937499999999994 0.07249999999999994
2 0.5405078125 0.5442711666666668 0.135625 0.13249999999999992
