2 0.445651375 0.5335283125 0.168333 0.151667
2 0.2103779375 0.298932625 0.10833300000000001 0.14500000000000002
2 0.268411125 0.4326045 0.16166699999999998 0.17333300000000001
2 0.3342705 0.191640625 0.17333400000000002 0.11333299999999999
2 0.438359375 0.1095185625 0.13833300000000004 0.096666
2 0.4592841875 0.3172001875 0.11666600000000005 0.178334
2 0.5597920000000001 0.159401375 0.15666600000000003 0.106666
2 0.5769140625 0.4713408125 0.17500000000000004 0.16666700000000007
2 0.670598625 0.4015751875 0.14500000000000002 0.14833400000000002
2 0.67307325 0.25438768749999996 0.13333300000000003 0.163334
