2 0.32046874999999997 0.6312238140703519 0.14875000000000002 0.2265129999999999
2 0.1770703125 0.6182965577889447 0.1825 0.12483900000000007
2 0.2235546875 0.7148215577889449 0.1 0.12483899999999984
2 0.2875390625 0.33124413567839195 0.20625 0.172458
2 0.28500000000000003 0.7340036834170854 0.12625 0.13513500000000003
2 0.423828125 0.17916861306532664 0.22375 0.209781
2 0.4253515625 0.7710084824120603 0.15999999999999998 0.11969099999999998
2 0.502734375 0.6535590854271357 0.23125 0.16859699999999997
2 0.512265625 0.36315919095477384 0.14499999999999996 0.256113
2 0.5621875000000001 0.23103143216080405 0.23500000000000004 0.11583000000000002
2 0.6253125 0.7179311155778895 0.20375 0.24967800000000004
2 0.6011328125 0.44245385929648245 0.135 0.149293
2 0.771171875 0.5026971105527638 0.21625000000000005 0.16988499999999998
