2 0.1830075625 0.4455725833333333 0.09687499999999999 0.14479200000000003
2 0.223047125 0.5591149166666667 0.13046799999999997 0.12395799999999994
2 0.2304685 0.2520833333333334 0.11093800000000001 0.10416699999999997
2 0.211327875 0.3455729166666666 0.06015699999999999 0.09270800000000001
2 0.25488306250000003 0.6692708333333334 0.11171800000000001 0.12187499999999989
2 0.298438 0.17057291666666666 0.09453100000000003 0.09166700000000001
2 0.3296875 0.6992184166666666 0.140625 0.20104200000000017
2 0.3705075625 0.11901041666666667 0.09687499999999999 0.077083
2 0.4330080625 0.7401041666666668 0.14453099999999997 0.194792
2 0.444921875 0.09505208333333333 0.059374999999999956 0.06770799999999999
2 0.5259768125 0.7651038333333333 0.13671799999999995 0.21458400000000002
2 0.519921625 0.08776041666666667 0.083594 0.07812499999999999
2 0.601171875 0.13203125000000002 0.09062499999999996 0.10312500000000002
2 0.625390375 0.7192711666666667 0.13671899999999992 0.22604099999999994
2 0.680078625 0.15494824999999998 0.08359299999999992 0.10208299999999998
2 0.715234875 0.617708 0.12265599999999999 0.21875
2 0.7236330625 0.22343716666666666 0.11171900000000001 0.09895900000000002
2 0.7623041875 0.54869825 0.11562500000000009 0.1968749999999999
2 0.7720700625 0.40885450000000007 0.11328099999999997 0.14270799999999997
2 0.7740234375 0.32890658333333334 0.09218700000000002 0.11250000000000004
