2 0.751953125 0.4036458333333333 0.16062500000000002 0.18249999999999997
2 0.015625 0.5482288333333334 0.03125 0.12166699999999997
2 0.0458984375 0.17880208333333333 0.091875 0.255
2 0.06640625 0.4333850833333333 0.133125 0.19250000000000003
2 0.4990234375 0.6897916666666667 0.999375 0.6166670000000001
2 0.1373828125 0.3145833333333334 0.166875 0.22916699999999998
2 0.271875 0.36333366666666667 0.1575 0.335833
2 0.59515625 0.15223925000000002 0.19624999999999998 0.25999999999999995
2 0.75640625 0.2170315833333333 0.19625000000000004 0.20833300000000002
2 0.8899609375 0.4383854166666667 0.13937499999999992 0.23416700000000001
2 0.96265625 0.6219791666666666 0.07187500000000002 0.22416699999999992
2 0.97953125 0.47546874999999994 0.03937500000000005 0.08666700000000012
