2 0.280625 0.457708 0.09437499999999999 0.09583399999999997
2 0.325 0.26010416666666664 0.12624999999999997 0.13083299999999998
2 0.372109375 0.022135416666666668 0.106875 0.04666699999999999
2 0.408046875 0.5905205 0.1225 0.11083400000000003
2 0.4966796875 0.4040104166666667 0.13187499999999996 0.13916699999999996
2 0.5607031250000001 0.11104133333333333 0.13062499999999994 0.136667
2 0.5894140625 0.5901565833333332 0.08125000000000004 0.11416600000000014
2 0.6628125 0.33260416666666665 0.07874999999999999 0.13083299999999998
2 0.7245703125 0.5140100833333333 0.08937499999999998 0.09749999999999992
2 0.74171875 0.2059895833333333 0.08687500000000004 0.11416699999999998
2 0.7594140625 0.3296354166666667 0.04937500000000006 0.04583299999999998
