2 0.806257875 0.756242125 0.30882299999999996 0.316994
2 0.189478375 0.44079325 0.19934699999999997 0.196079
2 0.18461475 0.707809875 0.181373 0.18464099999999994
2 0.320631625 0.4951495 0.145425 0.14215599999999995
2 0.3108851875 0.6209089375 0.11601300000000003 0.16993400000000003
2 0.404016125 0.82427025 0.28594800000000004 0.290849
2 0.4516889375 0.5142141874999999 0.13888899999999998 0.08496799999999999
2 0.5321114375 0.3840193125 0.12418300000000004 0.15196000000000004
2 0.5471365625 0.5771100625000001 0.12745099999999998 0.17483699999999996
2 0.7552534375 0.53663675 0.15522800000000003 0.150327
