1 0.3459375 0.3744905301204819 0.17375000000000002 0.3672839999999999
1 0.0380859375 0.8609251204819277 0.0775 0.268519
1 0.0419921875 0.42019191566265063 0.085 0.41666699999999995
1 0.09296875 0.23091656626506024 0.15000000000000002 0.25
1 0.09609375 0.7259629759036145 0.1175 0.34876599999999996
1 0.0965625 0.9412236867469879 0.07875000000000001 0.11111200000000007
1 0.157109375 0.4117435903614458 0.1375 0.299382
1 0.221484375 0.9084113493975903 0.16875 0.17284000000000008
1 0.2419921875 0.2951885180722892 0.08499999999999996 0.14197499999999996
1 0.2544921875 0.524557686746988 0.08499999999999999 0.11419699999999998
1 0.252578125 0.38921598795180723 0.036250000000000004 0.17592600000000005
1 0.330546875 0.9678640240963855 0.06 0.055556000000000036
1 0.4062109375 0.7857426385542169 0.17000000000000004 0.407408
1 0.4766796875 0.9159380722891567 0.19374999999999998 0.16049399999999997
1 0.4664453125 0.24997761445783134 0.15125 0.35185200000000005
1 0.5135546875 0.636620469879518 0.16374999999999995 0.438272
1 0.548046875 0.38093115662650606 0.12125000000000002 0.145062
1 0.633125 0.8387255060240963 0.15749999999999997 0.31481500000000007
1 0.65609375 0.4952400843373494 0.17999999999999994 0.388889
1 0.69109375 0.2896918795180723 0.11750000000000005 0.13580299999999998
1 0.7849609375 0.7174620843373494 0.17000000000000004 0.38888899999999993
1 0.806328125 0.9412236867469879 0.16125 0.11111200000000007
1 0.8134375 0.41648112048192776 0.1725 0.2685179999999999
1 0.898515625 0.6591704578313253 0.0824999999999999 0.20987600000000003
1 0.933203125 0.8298450602409638 0.13 0.3333340000000001
1 0.956015625 0.4793467831325301 0.08374999999999999 0.32407400000000003
