1 0.6125 0.7141630901213172 0.09375 0.1387349999999999
1 0.5900390625 0.4726197036395147 0.08187499999999992 0.15982199999999996
1 0.625546875 0.6133775788561525 0.09000000000000008 0.12208700000000004
1 0.6676953125 0.5010071698440208 0.05812499999999998 0.1098779999999999
1 0.700234375 0.5943560103986135 0.10625000000000007 0.17092100000000002
1 0.6928125 0.7618108058925477 0.078125 0.16537200000000002
1 0.74046875 0.46124729462738295 0.08687500000000004 0.1476139999999999
1 0.7427734375 0.6492442720970537 0.06187500000000001 0.11320699999999993
1 0.7641015625 0.834012726169844 0.09624999999999995 0.19533800000000004
1 0.7738671875 0.5129843171577123 0.08437499999999998 0.1820199999999999
1 0.8108984375 0.7207458058925477 0.09250000000000003 0.1653719999999999
1 0.8170703125 0.5537769081455806 0.08812500000000001 0.16870200000000007
