1 0.4250390625 0.5704894744525547 0.08187499999999998 0.09065400000000005
1 0.0901953125 0.4190327883211679 0.057499999999999996 0.06542
1 0.27066406249999997 0.15355710218978103 0.05000000000000002 0.040186999999999994
1 0.2709375 0.2887166423357664 0.048750000000000016 0.068224
1 0.3142578125 0.327676204379562 0.04249999999999998 0.07663500000000002
1 0.3178515625 0.804959102189781 0.03375 0.040187000000000014
1 0.3429296875 0.15811439416058393 0.03874999999999995 0.03457999999999999
1 0.4169140625 0.7904089124087592 0.04999999999999999 0.082243
1 0.5608984375 0.5512726204379562 0.06187500000000001 0.08878499999999999
1 0.5573046875 0.866812496350365 0.038125000000000075 0.07289699999999998
1 0.5714453125 0.24578766423357662 0.02562500000000001 0.049533000000000035
