0 0.0402734375 0.5246644848484848 0.06187499999999999 0.06983500000000006
0 0.0203125 0.7632730606060606 0.015625 0.021338999999999966
0 0.076953125 0.7628426363636364 0.0675 0.07565500000000008
0 0.09671875 0.939066090909091 0.05499999999999999 0.08341399999999993
0 0.1234375 0.3477116363636364 0.04874999999999999 0.07371499999999997
0 0.1413671875 0.8160683333333333 0.053750000000000006 0.06886500000000007
0 0.174375 0.36692639393939397 0.06437499999999999 0.08923399999999997
0 0.1826171875 0.7935187272727272 0.022499999999999992 0.05625600000000001
0 0.2143359375 0.7894554848484848 0.04625000000000001 0.06983499999999998
0 0.2141796875 0.8482595757575757 0.037500000000000006 0.05334700000000001
0 0.2328515625 0.2907901818181818 0.034999999999999976 0.06595500000000006
0 0.2650390625 0.34619648484848486 0.05000000000000002 0.07177499999999995
0 0.27859375 0.27920854545454543 0.05625000000000002 0.09311300000000003
0 0.3481640625 0.6608793333333334 0.050000000000000044 0.06886499999999998
0 0.398359375 0.6442070909090909 0.04312499999999997 0.08341400000000003
0 0.399609375 0.48641263636363635 0.043125000000000024 0.07371400000000004
0 0.44875 0.5510357272727273 0.03187500000000004 0.056255999999999924
0 0.4937109375 0.40039218181818187 0.04624999999999996 0.06595599999999999
0 0.493828125 0.6759161212121212 0.03624999999999995 0.044617000000000025
0 0.5017968749999999 0.7978865151515151 0.02812500000000001 0.03103800000000006
0 0.67765625 0.8660571818181817 0.28937500000000005 0.26479099999999994
0 0.7417578125 0.4490094848484849 0.04250000000000009 0.06983499999999998
0 0.882734375 0.7329588787878788 0.04375000000000007 0.06013500000000008
