2 0.6285418467153284 0.4556640625 0.14392600000000003 0.080625
2 0.3779654744525547 0.459609375 0.09252399999999995 0.07500000000000001
2 0.3915816642335766 0.4409765625 0.04672900000000005 0.065
2 0.46190074452554747 0.475390625 0.107476 0.08374999999999994
2 0.510205306569343 0.3471875 0.11495299999999996 0.08000000000000002
2 0.6019173503649635 0.318828125 0.07383100000000006 0.03562499999999996
2 0.6592744744525547 0.344375 0.09158800000000006 0.09437499999999999
2 0.7054229343065693 0.434296875 0.0616830000000001 0.06
2 0.7284334744525547 0.4772265625 0.09158799999999997 0.09749999999999998
2 0.7862060802919709 0.4411328125 0.06074799999999988 0.07374999999999998
