0 0.41046875 0.39234341666666667 0.08625 0.13833399999999998
0 0.2464453125 0.6008333333333332 0.026249999999999996 0.041667000000000044
0 0.396875 0.9604684166666666 0.03125 0.045000000000000075
0 0.4403515625 0.5715621666666667 0.03375 0.038334000000000014
0 0.444375 0.8614065833333333 0.03125 0.04999999999999997
0 0.4619921875 0.9291663333333333 0.02250000000000002 0.04333400000000006
0 0.5872265625 0.21682325 0.06499999999999995 0.07166599999999997
0 0.612421875 0.5469270833333334 0.02749999999999997 0.03499999999999992
0 0.6158984375 0.4946878333333333 0.030000000000000027 0.02666600000000008
0 0.6501171875 0.19552116666666666 0.053749999999999964 0.06999999999999999
0 0.6487109375 0.40312533333333334 0.04625000000000001 0.07333300000000002
0 0.648515625 0.54671875 0.02124999999999999 0.02500000000000006
0 0.657265625 0.583958 0.020000000000000018 0.031666999999999966
0 0.7798828125 0.23208333333333334 0.07374999999999998 0.106667
0 0.7953515625 0.8380205 0.09749999999999992 0.11000000000000003
0 0.8548828125 0.38348925 0.07374999999999998 0.071667
0 0.8873046875 0.015625 0.03874999999999995 0.031667
0 0.928828125 0.88640625 0.09875 0.13499999999999993
0 0.9089453125 0.5109899166666667 0.026249999999999996 0.029999999999999954
0 0.950625 0.9433854166666666 0.09499999999999997 0.10833300000000001
