2 0.2609375 0.6584140248901903 0.07874999999999999 0.11538499999999999
2 0.1419140625 0.7458845402635431 0.11250000000000002 0.12851800000000013
2 0.1505078125 0.8486616691068815 0.10375000000000001 0.13133199999999998
2 0.186328125 0.8930502825768668 0.09874999999999998 0.12288899999999997
2 0.188515625 0.614209767203514 0.08375000000000002 0.11069500000000003
2 0.1844921875 0.6804018960468521 0.05375000000000002 0.111633
2 0.28453125 0.8924098960468521 0.133125 0.11350800000000007
2 0.326796875 0.6755976383601757 0.06 0.106004
2 0.3290234375 0.7734313133235724 0.060624999999999984 0.14634099999999997
2 0.3853125 0.8779961229868227 0.078125 0.09380900000000002
2 0.4019140625 0.6443170863836017 0.11249999999999999 0.16322699999999998
2 0.4475390625 0.8190286017569546 0.08125000000000004 0.17354600000000003
2 0.460078125 0.718908055636896 0.06687500000000002 0.13883700000000007
