2 0.7776171875 0.7066755589519651 0.11687500000000006 0.11638700000000002
2 0.0713671875 0.5707999956331878 0.11562499999999999 0.14152699999999988
2 0.08445312499999999 0.7465415793304221 0.09875 0.12942300000000012
2 0.169375 0.7289160160116449 0.09375 0.15456199999999995
2 0.1709375 0.5531089956331878 0.078125 0.14152699999999996
2 0.22734375 0.8938265589519651 0.08687499999999998 0.114525
2 0.2480859375 0.5386183915574964 0.076875 0.13780200000000004
2 0.2582421875 0.7272249956331879 0.085625 0.14152699999999996
2 0.303203125 0.885275579330422 0.06812499999999999 0.1303540000000001
2 0.3269140625 0.5270379956331878 0.08187500000000003 0.14245900000000006
2 0.3575390625 0.6979535997088792 0.11312499999999998 0.14525199999999996
2 0.394765625 0.8784693915574964 0.11375000000000002 0.13780200000000004
2 0.407109375 0.5369263711790393 0.075625 0.12383700000000004
2 0.441640625 0.3720041630276565 0.08250000000000002 0.11825000000000005
2 0.4514453125 0.09249151819505094 0.08812500000000001 0.08473
2 0.44109375 0.23088355895196508 0.05624999999999997 0.11452599999999998
2 0.45390625 0.6941641630276564 0.07187499999999997 0.11825000000000017
2 0.4955859375 0.536991807860262 0.10875000000000001 0.15083799999999997
2 0.49359375 0.8724105589519651 0.08749999999999997 0.11638800000000006
2 0.498203125 0.2333883711790393 0.06749999999999995 0.123836
2 0.5115234375 0.3888169344978165 0.060624999999999984 0.09683400000000009
2 0.5269140625 0.7045898078602619 0.080625 0.1489760000000001
2 0.5332812499999999 0.07898468558951965 0.07187499999999997 0.063315
2 0.57546875 0.8608311630276564 0.08750000000000002 0.11825000000000017
2 0.5578125 0.23687695487627364 0.04812499999999997 0.11266299999999999
2 0.57703125 0.381721558951965 0.07062500000000005 0.11452600000000004
2 0.6023828125 0.5244814119359534 0.10375000000000001 0.15269999999999992
2 0.5959375 0.24938835080058225 0.04749999999999999 0.10893799999999997
2 0.610859375 0.6958561834061134 0.07562500000000005 0.13221600000000003
2 0.6256640625 0.09062951819505094 0.08062500000000006 0.08472999999999999
2 0.6596484375 0.3938265589519651 0.09312500000000001 0.114525
2 0.6491796875 0.8699067467248909 0.07000000000000006 0.10521399999999999
2 0.6522265625 0.2532833304221252 0.06500000000000006 0.09404099999999996
2 0.6844140625 0.687122558951965 0.08062499999999995 0.114525
2 0.6931640625 0.5334377874818049 0.08062500000000006 0.1350099999999999
2 0.7125390625 0.10500291411935953 0.08187500000000003 0.08379900000000003
2 0.7127734375 0.24711895487627367 0.06187500000000001 0.11080099999999998
2 0.7145703125 0.8660107671033479 0.05687500000000001 0.12197400000000005
2 0.737890625 0.3960421834061136 0.083125 0.13221599999999994
2 0.781328125 0.5431561834061136 0.09875 0.13221600000000003
2 0.774375 0.8686865589519651 0.0625 0.11638699999999993
2 0.77546875 0.252470538573508 0.05624999999999991 0.099627
2 0.797890625 0.09336974672489083 0.083125 0.10707700000000002
2 0.81140625 0.4080817467248909 0.07062500000000005 0.10521400000000003
2 0.8326953125 0.2742919344978166 0.057499999999999996 0.09683400000000005
2 0.8417578125 0.8754927467248909 0.073125 0.1070769999999999
2 0.8678125 0.5460673915574964 0.07937499999999997 0.13966399999999998
2 0.868203125 0.40523497525473073 0.06812499999999999 0.12756099999999992
2 0.8838671875 0.6902691834061135 0.08562499999999995 0.13221600000000003
2 0.868515625 0.12135551819505094 0.05125000000000002 0.085661
2 0.89828125 0.2674329752547307 0.07062499999999994 0.12569800000000003
2 0.934375 0.41698535080058224 0.0625 0.10893899999999997
2 0.943125 0.5462373711790393 0.06312499999999999 0.12290500000000003
