1 0.5094921875 0.5517747647058824 0.21062499999999995 0.310735
1 0.1275390625 0.6302365882352942 0.174375 0.2551789999999999
1 0.13953125 0.824146705882353 0.19625 0.274012
1 0.1546875 0.3652814705882353 0.171875 0.28342799999999996
1 0.2094921875 0.9587268823529411 0.115625 0.08003700000000001
1 0.313046875 0.5144175882352942 0.184375 0.25517899999999993
1 0.3615625 0.7305781764705882 0.234375 0.2580029999999999
1 0.3400390625 0.29701976470588237 0.17562500000000003 0.25894599999999995
1 0.3808984375 0.8861891176470589 0.21812499999999996 0.2231629999999999
1 0.4159765625 0.4418940588235294 0.034375000000000044 0.08568699999999999
1 0.5133984375 0.34060088235294117 0.12312499999999993 0.12994299999999998
1 0.5655078124999999 0.9174527647058823 0.16687500000000005 0.1610169999999999
1 0.6442578125 0.3675361764705883 0.19874999999999998 0.20809799999999998
1 0.6939453125 0.5660265294117647 0.18312499999999998 0.26836200000000004
1 0.736015625 0.9046192941176471 0.20750000000000002 0.177966
1 0.8030859375 0.9301710588235294 0.265 0.136534
1 0.7534375 0.39179641176470587 0.08000000000000007 0.148776
1 0.82984375 0.5517340588235294 0.15000000000000002 0.238229
1 0.8208984375 0.7390743529411765 0.12312499999999993 0.161959
1 0.9166015625 0.8113132352941176 0.16000000000000003 0.2937850000000001
