1 0.0771484375 0.9191015625 0.155625 0.15937500000000004
1 0.223359375 0.79125 0.26312500000000005 0.281875
1 0.34625 0.93984375 0.283125 0.11812500000000004
1 0.32308593750000003 0.98375 0.20312499999999997 0.03125
1 0.34957031250000004 0.5977343749999999 0.24437499999999998 0.2
1 0.5050390625000001 0.7560546875 0.33125 0.31937499999999996
1 0.622265625 0.9599609375 0.27125000000000005 0.07750000000000001
1 0.679609375 0.649921875 0.23062500000000008 0.21562500000000007
1 0.8590234375 0.778203125 0.28 0.379375
1 0.7702734375 0.5784375 0.06125000000000003 0.11124999999999996
1 0.8998828125 0.5405078125 0.198125 0.16749999999999998
1 0.954296875 0.440546875 0.08999999999999997 0.09062500000000001
