0 0.864296875 0.7185393440702782 0.12187500000000007 0.1679180000000001
0 0.0166015625 0.7437358653001463 0.035 0.09005700000000011
0 0.0453125 0.39310215959004396 0.04750000000000001 0.029080999999999923
0 0.07570312500000001 0.4184743191800879 0.035625 0.055346999999999945
0 0.0953125 0.4884184480234261 0.0475 0.05628599999999989
0 0.1076171875 0.43412370571010245 0.053750000000000006 0.061914
0 0.166640625 0.8917263499267934 0.05250000000000002 0.07879900000000012
0 0.1807421875 0.7622703499267934 0.05374999999999999 0.07879900000000004
0 0.207578125 0.4602063499267936 0.06687499999999999 0.07879899999999995
0 0.215 0.83274060761347 0.06375 0.08442799999999995
0 0.23671875 0.7294373499267935 0.05500000000000002 0.07692299999999992
0 0.2446484375 0.4090232210834553 0.06249999999999997 0.075047
0 0.25703125 0.5079340922401172 0.07187500000000002 0.07317099999999993
0 0.2851953125 0.44958873645680825 0.057499999999999996 0.08630399999999998
0 0.52234375 0.6769916691068814 0.08625000000000005 0.13133200000000006
0 0.5811328125 0.8787248286969253 0.10375000000000001 0.1557220000000001
0 0.584609375 0.5018942210834553 0.07562500000000005 0.074109
0 0.721796875 0.4140118345534407 0.05874999999999997 0.06566599999999999
0 0.735546875 0.35326434992679356 0.05874999999999997 0.078799
0 0.7746875 0.43769234992679357 0.078125 0.076923
0 0.77328125 0.6607028960468522 0.07062499999999994 0.11350799999999998
0 0.838046875 0.4276709633967789 0.06000000000000005 0.06848100000000006
0 0.951171875 0.6966916691068814 0.09062499999999996 0.1303939999999999
0 0.9553125 0.3448213499267936 0.078125 0.07692299999999992
0 0.9412109375 0.3969424787701318 0.04625000000000001 0.08067500000000002
0 0.981328125 0.3801707364568082 0.03562500000000002 0.08630399999999998
0 0.983125 0.4487909326500732 0.03187499999999999 0.04409000000000001
0 0.9960546875 0.3323105153733529 0.006249999999999978 0.013133000000000011
