1 0.217969 0.4966149166666667 0.12656199999999998 0.18645799999999993
1 0.1273435 0.47734408333333334 0.078125 0.16145799999999996
1 0.1830083125 0.64375 0.12109299999999999 0.15625000000000008
1 0.191796875 0.325 0.09062499999999998 0.126042
1 0.26191431249999997 0.7414059166666668 0.120312 0.12395899999999986
1 0.2990234375 0.3377604166666666 0.12421900000000002 0.170833
1 0.3585935 0.47864616666666665 0.140625 0.1625
1 0.363671875 0.6921871666666667 0.12109400000000003 0.1625000000000001
1 0.40468725 0.2494795 0.10156300000000001 0.110416
1 0.4435549375 0.351042 0.108593 0.126041
1 0.423046625 0.7388024166666667 0.050781999999999994 0.04583299999999987
1 0.469140375 0.5304684166666667 0.10546899999999998 0.13958399999999993
1 0.47500025 0.69088575 0.10234399999999999 0.15104100000000006
