2 0.3265625 0.72453125 0.11062500000000003 0.16583299999999998
2 0.029296875 0.7816149166666667 0.06 0.43500000000000005
2 0.15828124999999998 0.11369825 0.10187500000000001 0.165833
2 0.1695703125 0.27859341666666665 0.08812500000000001 0.20166700000000004
2 0.2186328125 0.431875 0.10375000000000001 0.22083299999999992
2 0.235078125 0.6522913333333333 0.09937500000000002 0.20000000000000004
2 0.27203125 0.8548961666666667 0.16562500000000002 0.2875000000000001
2 0.239296875 0.15984375 0.09 0.18083299999999994
2 0.2774609375 0.2988541666666667 0.10749999999999998 0.194167
2 0.2991015625 0.05901008333333333 0.12749999999999997 0.09833399999999999
2 0.3057421875 0.4422399166666667 0.05312500000000003 0.09166600000000003
2 0.3403515625 0.188958 0.09687500000000004 0.156667
2 0.3661328125 0.3590621666666667 0.104375 0.16333399999999995
2 0.39875 0.95463575 0.09437499999999999 0.08750000000000006
2 0.412265625 0.5963541666666666 0.11374999999999996 0.19499999999999998
2 0.413203125 0.7441149166666667 0.036250000000000004 0.05999999999999991
2 0.4505859375 0.07942708333333333 0.07750000000000001 0.160833
2 0.4573828125 0.9438545 0.07374999999999998 0.11000000000000003
2 0.487265625 0.7656770833333333 0.11500000000000005 0.22249999999999992
2 0.4872265625 0.17036425 0.09687499999999999 0.16583399999999995
2 0.5145703125000001 0.9346350833333332 0.11999999999999994 0.12833400000000017
2 0.52296875 0.3038024166666667 0.11875000000000002 0.17083299999999998
2 0.5391015625 0.08203125 0.09687499999999999 0.165833
2 0.5608203125 0.5069788333333333 0.08937499999999998 0.18416699999999997
2 0.578671875 0.20739583333333333 0.09062500000000007 0.12
2 0.5888671875 0.07161458333333333 0.08499999999999996 0.143333
2 0.591484375 0.3398440833333334 0.07500000000000007 0.09666599999999996
2 0.61953125 0.69828125 0.10187500000000005 0.2266670000000001
2 0.6344140625 0.16520833333333332 0.08187500000000003 0.135833
2 0.631796875 0.50692675 0.059374999999999956 0.11916700000000002
2 0.6741796875 0.905417 0.13187499999999996 0.1875
2 0.667890625 0.2919791666666667 0.11375000000000002 0.22583300000000003
2 0.6836328125 0.590625 0.10499999999999998 0.15666700000000003
2 0.7141796875 0.4655205 0.10062499999999996 0.11166699999999996
2 0.7283984375 0.7647916666666666 0.12375000000000003 0.240833
2 0.788203125 0.64046875 0.09937499999999999 0.21166699999999997
2 0.8453125 0.83692675 0.10999999999999999 0.24249999999999985
