1 0.188671625 0.5390625 0.114063 0.171875
1 0.0958989375 0.7973958333333334 0.108593 0.1197919999999999
1 0.2806640625 0.3052083333333333 0.01953100000000002 0.13541700000000004
1 0.332421375 0.29609408333333337 0.04296899999999998 0.12916599999999998
1 0.3595700625 0.016927083333333332 0.08124999999999999 0.034375
1 0.3664065 0.5958333333333333 0.078125 0.10520800000000012
1 0.403515875 0.4799479166666667 0.12109399999999998 0.18749999999999992
1 0.484765125 0.5382815833333333 0.097657 0.20729099999999998
1 0.578515375 0.32213508333333335 0.13671899999999992 0.19166700000000003
1 0.691796875 0.7101565833333333 0.12187500000000007 0.20729099999999998
1 0.6945315 0.052083333333333336 0.109375 0.10625
1 0.723046875 0.5463538333333333 0.12187500000000007 0.15104199999999998
1 0.72968725 0.4536458333333333 0.10156299999999996 0.08854200000000005
