2 0.6154296875 0.47572949999999997 0.28750000000000003 0.455
2 0.0615234375 0.8508333333333332 0.12375 0.29250000000000015
2 0.0810546875 0.5186458333333334 0.16375 0.558333
2 0.095703125 0.16276041666666666 0.1925 0.325833
2 0.305390625 0.8096350833333332 0.364375 0.3783340000000001
2 0.3449609375 0.11197916666666667 0.29562499999999997 0.224167
2 0.33796875000000004 0.4048440833333333 0.275 0.4725
2 0.59265625 0.109375 0.25812500000000005 0.22083299999999997
2 0.8612109375 0.1328125 0.23250000000000004 0.265833
2 0.87796875 0.48874966666666664 0.24250000000000005 0.521667
2 0.9677734375 0.05859375 0.06187500000000001 0.1175
