0 0.8196875 0.8941666666666667 0.20499999999999996 0.20999999999999996
0 0.08863281249999999 0.33942741666666665 0.07250000000000001 0.07749999999999994
0 0.1558984375 0.371667 0.15500000000000003 0.125
0 0.1665625 0.25166700000000003 0.1425 0.125833
0 0.2190625 0.32890625 0.14187500000000003 0.134167
0 0.316953125 0.18515658333333332 0.12937500000000002 0.11333300000000002
0 0.541640625 0.9518749999999999 0.208125 0.09416700000000011
0 0.823125 0.08562466666666667 0.125625 0.11666699999999998
0 0.852421875 0.03515625 0.15249999999999997 0.0725
0 0.9128125 0.6446878333333333 0.1725 0.15333300000000002
0 0.9287109375 0.32776075 0.14 0.11916599999999995
0 0.9395703125 0.5627086666666666 0.11937500000000001 0.1775
