2 0.7936538690095847 0.3979296875 0.1801430000000001 0.1325
2 0.20075599041533546 0.34125 0.087001 0.06312499999999999
2 0.20914576996805112 0.4834765625 0.07267099999999999 0.065
2 0.27152298083067095 0.40515625 0.174002 0.133125
2 0.31016920447284346 0.520546875 0.162743 0.12125000000000002
2 0.2992177699680511 0.2584765625 0.07267100000000003 0.06624999999999998
2 0.4326685367412141 0.3166015625 0.17093199999999997 0.09750000000000003
2 0.4325446485623004 0.19828125 0.16479 0.13312500000000002
2 0.45409743769968053 0.057421875 0.06345999999999997 0.059375
2 0.5348805463258786 0.1087890625 0.08393000000000003 0.080625
2 0.6474107571884984 0.2970703125 0.18730899999999998 0.08875
2 0.7730579808306709 0.5642578125 0.17297900000000008 0.0737500000000001
2 0.7542143194888179 0.499140625 0.12589600000000004 0.08374999999999999
2 0.8347966485623002 0.29886718749999996 0.16478999999999994 0.11624999999999999
2 0.9206786549520767 0.4221875 0.10644800000000014 0.109375
2 0.9432735463258786 0.2819921875 0.08393000000000013 0.11625000000000002
