1 0.7458984375 0.7332288333333333 0.28 0.36999999999999994
1 0.033203125 0.7757809166666666 0.068125 0.3100000000000001
1 0.0419921875 0.9594274166666666 0.085 0.07750000000000012
1 0.0908203125 0.2438545 0.181875 0.36166600000000004
1 0.17484375 0.80026075 0.243125 0.24250000000000002
1 0.179453125 0.567292 0.224375 0.408333
1 0.2341796875 0.9570315833333334 0.19374999999999998 0.08250000000000002
1 0.2791015625 0.24869824999999998 0.19124999999999998 0.28916600000000003
1 0.4075 0.5680211666666667 0.31375 0.444166
1 0.4593359375 0.18312466666666669 0.29500000000000004 0.366667
1 0.4684375 0.8736979166666666 0.26687500000000003 0.24916700000000006
1 0.6078125 0.9249475833333333 0.26750000000000007 0.14416700000000007
1 0.566328125 0.5488545 0.12937500000000002 0.36000000000000004
1 0.684765625 0.3867708333333333 0.2699999999999999 0.34083299999999994
1 0.6506640625 0.16057291666666665 0.14375000000000004 0.21666700000000003
1 0.8525390625 0.07552083333333333 0.26875000000000004 0.1525
1 0.7777734375 0.18135383333333333 0.09187499999999993 0.153334
1 0.8872265625 0.32937533333333335 0.22125000000000006 0.3875
1 0.8950390625 0.9114065833333332 0.20687500000000003 0.17500000000000013
1 0.923046875 0.66984375 0.15249999999999997 0.30500000000000016
