2 0.20470175 0.2669012551143201 0.056604000000000015 0.106977
2 0.233468625 0.73273419133574 0.08301899999999998 0.08139600000000002
2 0.24862875 0.40258293020457275 0.08679300000000001 0.08604700000000003
2 0.2553324375 0.1266366052948255 0.09245300000000001 0.062791
2 0.28356831250000003 0.5362635607701565 0.08867899999999998 0.08372099999999995
2 0.3134918125 0.3366692551143201 0.07358399999999998 0.10697699999999996
2 0.3454345625 0.3947275162454874 0.06603700000000001 0.10232599999999996
2 0.34243775 0.5098848856799038 0.05660399999999999 0.10465100000000002
2 0.37640075 0.31196666907340553 0.054717000000000016 0.09069800000000003
2 0.38772075 0.5928752358604091 0.05660399999999999 0.06046500000000002
2 0.3944905625 0.2188619302045728 0.06603800000000004 0.086047
2 0.444458 0.6113984969915764 0.06414999999999998 0.05581399999999995
2 0.4529154375 0.13730445246690734 0.062263999999999986 0.076744
2 0.4756225625 0.4996217328519855 0.06603800000000004 0.11627999999999997
2 0.5038584374999999 0.6302467135980746 0.06226400000000004 0.07209300000000002
2 0.5114715624999999 0.15599019133574007 0.06603799999999999 0.08139499999999998
2 0.5072336875 0.5474858664259928 0.03773599999999999 0.05813900000000001
2 0.5127614375 0.49415934416365825 0.030189000000000077 0.06976799999999996
2 0.5617035 0.6592753441636583 0.07924599999999993 0.06976799999999989
2 0.549918625 0.5157392551143201 0.05094399999999999 0.10697600000000003
2 0.5663879375 0.5925502803850782 0.07735799999999993 0.04186000000000001
2 0.57855225 0.1873448219013237 0.07169800000000004 0.07906999999999999
2 0.638863125 0.22343219133574005 0.06792500000000001 0.08139500000000002
2 0.6511606875 0.6000954524669073 0.06981099999999996 0.07674399999999995
2 0.6605285625 0.7301649747292419 0.06603799999999993 0.06511699999999995
2 0.678220625 0.519822083032491 0.05094399999999999 0.07441899999999996
2 0.69715475 0.4255957135980746 0.05660399999999999 0.07209300000000002
2 0.7076985625 0.6518256245487365 0.06603700000000001 0.10930299999999997
2 0.6957143125 0.33818286642599277 0.026414999999999966 0.05813999999999995
2 0.738598625 0.42118793020457285 0.05094300000000007 0.08604599999999996
2 0.7394419375 0.5449303634175692 0.04528300000000007 0.11395400000000003
2 0.801128125 0.3213504079422383 0.06792399999999998 0.09534800000000002
2 0.798710125 0.4328966690734055 0.03584899999999991 0.09069800000000003
