1 0.6157421875 0.558302982430454 0.17874999999999996 0.272983
1 0.0361328125 0.03074670571010249 0.0725 0.06379
1 0.05859375 0.4074553382137629 0.11875 0.25984999999999997
1 0.064453125 0.1589324363103953 0.129375 0.23827400000000004
1 0.0386328125 0.6261253748169839 0.07375 0.190431
1 0.1385546875 0.6950614055636897 0.16375 0.21388399999999996
1 0.1312890625 0.09224011713030747 0.143125 0.186679
1 0.12691406249999998 0.29441108638360175 0.08062500000000002 0.16322699999999996
1 0.1925390625 0.4936009209370425 0.14375000000000002 0.22701699999999994
1 0.26968749999999997 0.11350028257686676 0.14125000000000001 0.12195099999999999
1 0.297265625 0.03513909224011713 0.14625000000000002 0.071295
1 0.305234375 0.7018117613469985 0.138125 0.19981300000000002
1 0.3058984375 0.3775583133235724 0.09187499999999998 0.14634200000000003
1 0.3640234375 0.5185170497803806 0.18562499999999998 0.230769
1 0.395234375 0.25612472474377745 0.16874999999999996 0.26923100000000005
1 0.4210546875 0.13864492679355783 0.13249999999999995 0.136022
1 0.4241015625 0.027818448023426062 0.09625 0.058161
1 0.4598046875 0.681104663250366 0.16312500000000002 0.2213880000000001
1 0.5078515625 0.3823807920937042 0.15875 0.22514100000000004
1 0.53796875 0.060029282576866766 0.14937500000000004 0.121013
1 0.5780468750000001 0.1827963074670571 0.185 0.236398
1 0.6466015625 0.32680527672035137 0.15874999999999995 0.21294600000000002
1 0.67734375 0.029282576866764276 0.11749999999999994 0.060038
1 0.6767578125 0.15918589019033674 0.10499999999999998 0.203565
