2 0.15234375 0.6564145276967931 0.18125 0.23996299999999993
2 0.037109375 0.38739307580174925 0.075625 0.23529400000000006
2 0.0918359375 0.10932944606413994 0.17 0.22035500000000002
2 0.13890625 0.3033115422740525 0.16499999999999998 0.20821700000000004
2 0.1669921875 0.9091255568513119 0.1475 0.17740400000000006
2 0.20421875 0.485546527696793 0.18062499999999998 0.24089600000000005
2 0.232578125 0.08017492711370262 0.13062500000000002 0.161531
2 0.29597656250000004 0.2535772536443149 0.16 0.24276399999999995
2 0.33207031249999996 0.6261737871720117 0.18187499999999998 0.269842
2 0.4015625 0.061224489795918366 0.17312500000000003 0.125117
2 0.40359375 0.3688519125364431 0.14875000000000005 0.19327800000000003
2 0.438046875 0.7944890758017492 0.15375 0.23529400000000006
2 0.4603515625 0.9159563790087464 0.19062500000000004 0.1662
2 0.467265625 0.17885210495626822 0.176875 0.171802
2 0.5274609375 0.25166272011661805 0.17000000000000004 0.218487
2 0.5864453125 0.5527259941690962 0.15125 0.21475199999999997
2 0.63078125 0.8005013498542274 0.16500000000000004 0.23155900000000015
2 0.6541796875 0.07434402332361516 0.19499999999999995 0.151261
2 0.6635546875 0.3939959941690962 0.19437499999999996 0.21475199999999997
2 0.715859375 0.1801100758017493 0.16812500000000008 0.233427
2 0.7284375 0.9118121049562682 0.1725 0.171802
2 0.8504296875 0.428981416909621 0.19499999999999995 0.28291299999999997
2 0.8480078125 0.6357590758017493 0.166875 0.23529400000000006
2 0.8315625 0.04518950437317784 0.11125000000000007 0.09057
2 0.881953125 0.09329446064139942 0.12937500000000002 0.18767499999999998
2 0.915 0.9334209416909621 0.15625 0.129785
2 0.9603125 0.2598368163265306 0.078125 0.20635000000000003
2 0.976484375 0.44869410495626827 0.04437500000000005 0.17180199999999998
