2 0.80901075 0.8546875 0.30666600000000005 0.1725
2 0.07682291666666667 0.865390625 0.155833 0.08374999999999999
2 0.07942708333333333 0.9461328125 0.160833 0.10499999999999998
2 0.388542 0.9112890625 0.46916599999999997 0.17500000000000004
2 0.2572913333333333 0.9690234375 0.198334 0.06062500000000004
2 0.5682291666666667 0.898359375 0.286667 0.20062500000000005
2 0.6625524166666666 0.8658203125 0.10916600000000003 0.15187499999999998
2 0.6877604166666668 0.8310546875 0.07749999999999997 0.22562499999999996
2 0.7606774166666668 0.9064453125 0.13833299999999982 0.11937500000000001
2 0.8982291666666667 0.4987890625 0.036667000000000005 0.04937500000000006
2 0.9278645833333332 0.551796875 0.08166700000000009 0.05937500000000007
