0 0.013671875 0.18828091666666666 0.02875 0.060834
0 0.06691406250000001 0.7233857499999999 0.019374999999999996 0.024165999999999983
0 0.095625 0.7241145833333333 0.03125 0.020832999999999952
0 0.10234375 0.7005208333333334 0.024375000000000008 0.027500000000000007
0 0.10359375 0.55921875 0.024375000000000008 0.024166999999999977
0 0.1489453125 0.5934899166666666 0.026874999999999982 0.029166000000000025
0 0.1903125 0.019322916666666665 0.016250000000000014 0.030832999999999996
0 0.219140625 0.49515591666666664 0.020625000000000004 0.030833999999999955
0 0.222890625 0.4646878333333333 0.020625000000000004 0.02750000000000008
0 0.2368359375 0.5051559166666667 0.014374999999999999 0.030834000000000028
0 0.2857421875 0.5435940833333334 0.022499999999999964 0.035000000000000066
0 0.3053125 0.53838575 0.017500000000000016 0.02416600000000006
0 0.3478125 0.4934899166666667 0.015625 0.029166000000000025
0 0.367890625 0.4921878333333334 0.02062499999999995 0.02749999999999993
0 0.3709375 0.5005208333333333 0.01687500000000003 0.027500000000000007
0 0.4335546875 0.3778645833333334 0.13187500000000002 0.08249999999999995
0 0.64515625 0.4281249999999999 0.10187500000000005 0.28250000000000003
0 0.815546875 0.19510450000000001 0.21562499999999996 0.29749999999999993
0 0.90703125 0.6233850833333334 0.07125000000000004 0.0674999999999999
0 0.8805078125 0.3765104166666666 0.010624999999999996 0.01416700000000004
0 0.9521875 0.747917 0.048125000000000084 0.06499999999999995
0 0.94296875 0.31984375 0.025000000000000022 0.05583300000000002
0 0.965703125 0.9144274166666667 0.06687500000000002 0.07583299999999997
0 0.96234375 0.23088575 0.02499999999999991 0.025832999999999995
0 0.9768359375 0.52578125 0.04500000000000004 0.1016670000000001
0 0.9876171875 0.2196875 0.022499999999999964 0.110833
0 0.9912109375 0.39531283333333334 0.015000000000000013 0.05916600000000005
