1 0.7273828125 0.25161425 0.16749999999999998 0.22666699999999998
1 0.0919140625 0.2697913333333333 0.14375 0.198334
1 0.15187499999999998 0.5061979166666667 0.09375000000000001 0.12416699999999999
1 0.161484375 0.9362503333333333 0.10562500000000001 0.10499999999999998
1 0.19339843750000002 0.05859375 0.15499999999999997 0.11916699999999998
1 0.231171875 0.7714065833333333 0.12125 0.17583300000000004
1 0.2534765625 0.2510934166666667 0.15999999999999998 0.20083400000000004
1 0.2726953125 0.5765107500000001 0.15125 0.18083299999999994
1 0.375859375 0.19697883333333333 0.138125 0.18416699999999997
1 0.3971875 0.4536458333333333 0.14187499999999997 0.1825000000000001
1 0.424921875 0.8686455 0.12124999999999997 0.14250000000000007
1 0.4475390625 0.29901075 0.14437500000000003 0.180833
1 0.8428515625 0.059895833333333336 0.15874999999999995 0.12083300000000001
1 0.9348046875 0.621042 0.10062499999999996 0.09500000000000004
