0 0.0009765625 0.17265591666666666 0.00375 0.029167
0 0.00390625 0.213125 0.008125 0.031667
0 0.016171875 0.1846878333333333 0.0275 0.028333000000000053
0 0.033359375 0.3568229166666667 0.0125 0.029167000000000016
0 0.053125 0.13848991666666666 0.03250000000000001 0.030833
0 0.059140625 0.42505175 0.020625000000000004 0.024166999999999977
0 0.073046875 0.063958 0.027499999999999997 0.03250000000000001
0 0.0942578125 0.23567675 0.04125000000000001 0.05666700000000002
0 0.091875 0.3213024166666667 0.03125 0.04666599999999995
0 0.0983203125 0.09015591666666667 0.025624999999999995 0.03083399999999999
0 0.101640625 0.009114583333333334 0.020625000000000004 0.019167
0 0.1056640625 0.38171874999999994 0.018125000000000002 0.02416700000000005
0 0.114296875 0.056666333333333326 0.027499999999999983 0.04333400000000001
0 0.13480468750000002 0.3738024166666667 0.03874999999999999 0.04583300000000001
0 0.135625 0.21963541666666667 0.03125 0.045000000000000005
0 0.14125 0.08546841666666667 0.031875000000000014 0.04666700000000001
0 0.158359375 0.46578091666666666 0.044375 0.06000000000000005
0 0.1603515625 0.29036425 0.03437500000000002 0.03916699999999999
0 0.1982421875 0.23338574999999998 0.021875000000000006 0.02416600000000002
0 0.2160546875 0.54401075 0.03874999999999998 0.055000000000000014
0 0.2048046875 0.12901041666666666 0.007500000000000007 0.01333300000000002
0 0.2158203125 0.18395799999999998 0.02562500000000001 0.03333400000000001
0 0.2268359375 0.3791145833333333 0.013750000000000012 0.019167000000000007
0 0.2615234375 0.4271354166666667 0.029374999999999984 0.04666699999999994
0 0.27 0.4808333333333334 0.03249999999999997 0.04333299999999999
0 0.282578125 0.4022395833333334 0.036250000000000004 0.04999999999999997
0 0.2858984375 0.24156216666666666 0.030000000000000027 0.036667000000000005
0 0.2927734375 0.51088575 0.029374999999999984 0.025832999999999995
0 0.3059765625 0.021198250000000002 0.03500000000000003 0.04
0 0.2994140625 0.15151041666666665 0.018125000000000002 0.015000000000000013
0 0.322734375 0.16505175 0.012499999999999956 0.025834000000000006
0 0.3490234375 0.4830208333333333 0.030000000000000027 0.027500000000000007
0 0.3641015625 0.26130241666666665 0.03500000000000003 0.045000000000000005
0 0.363671875 0.6126045 0.028749999999999998 0.04833299999999996
0 0.366875 0.10890658333333335 0.03249999999999997 0.04999999999999999
0 0.3737109375 0.016927083333333332 0.04562499999999997 0.034167
0 0.38484375 0.5968229166666666 0.023749999999999993 0.029166999999999943
0 0.4154296875 0.3583333333333334 0.03750000000000003 0.04333299999999992
0 0.415234375 0.009114583333333334 0.011875000000000024 0.019167
0 0.4451171875 0.03937533333333334 0.021874999999999978 0.012499999999999992
0 0.4565234375 0.25697949999999997 0.02999999999999997 0.015833000000000024
0 0.4764453125 0.6859899166666666 0.02562500000000001 0.030833000000000037
0 0.4895703125 0.714792 0.025624999999999953 0.03250000000000005
0 0.504765625 0.6995836666666667 0.020625000000000004 0.022499999999999964
0 0.52328125 0.08666633333333333 0.039999999999999925 0.04249999999999999
0 0.541796875 0.763958 0.02750000000000008 0.031666999999999966
0 0.5683203125 0.11859408333333332 0.02562500000000001 0.03416600000000003
0 0.5720703125 0.7821878333333334 0.026875000000000093 0.027499999999999858
0 0.5694140625 0.05932291666666667 0.01937499999999992 0.030833
0 0.5978515625 0.05890658333333334 0.03499999999999992 0.05166600000000001
0 0.62078125 0.21104166666666666 0.04062500000000002 0.054167
0 0.6641015625 0.12307258333333333 0.034375000000000044 0.04999999999999999
0 0.71171875 0.21416633333333335 0.025000000000000022 0.044166999999999956
0 0.7408984375 0.42453125 0.030625000000000013 0.03916699999999995
