2 0.2721875 0.1510776064880113 0.14062500000000003 0.19855599999999998
2 0.1515234375 0.6888737277856136 0.12437500000000001 0.238267
2 0.1915625 0.2106326191819464 0.07875000000000001 0.063177
2 0.193515625 0.17515692665726376 0.08249999999999999 0.11642599999999999
2 0.3551953125 0.08039492242595205 0.214375 0.163357
2 0.447421875 0.215152610719323 0.21500000000000002 0.15342999999999998
2 0.4741796875 0.17001861918194638 0.07 0.06317700000000002
2 0.596484375 0.6359603554301833 0.10625000000000007 0.21119200000000013
2 0.7737890625 0.1425091001410437 0.17437499999999995 0.266245
2 0.912734375 0.22197804795486598 0.07437499999999997 0.15613799999999997
2 0.9425390625 0.8304568533145275 0.11250000000000004 0.23285199999999998
