0 0.747890625 0.5395851420204978 0.20875 0.299249
0 0.1948828125 0.6007349941434846 0.073125 0.09193299999999997
0 0.22640625 0.7932445710102488 0.10250000000000001 0.150094
0 0.2709375 0.6486211537335286 0.07937500000000003 0.11726099999999993
0 0.3975 0.17117931332357247 0.09499999999999997 0.146342
0 0.4121875 0.5077065768667643 0.04750000000000004 0.06097599999999994
0 0.4609375 0.4729716383601757 0.078125 0.10788000000000005
0 0.5414453125 0.5444058345534407 0.057499999999999996 0.06566599999999999
0 0.5663671875 0.45668186530014643 0.053749999999999964 0.08817999999999994
0 0.5759375 0.8084207057101025 0.04874999999999996 0.062851
0 0.7080859375 0.05124450951683748 0.16999999999999993 0.103189
0 0.65265625 0.18472518448023426 0.039999999999999925 0.14258900000000002
0 0.7157421875 0.7709408653001465 0.05437500000000006 0.08911799999999999
0 0.8121484375 0.017569546120058566 0.02937500000000004 0.037523
0 0.8485546875 0.2338728960468521 0.10125000000000006 0.11350899999999997
0 0.8187890625 0.9205788345534408 0.018124999999999947 0.06472799999999992
0 0.878515625 0.3795485710102489 0.11375000000000002 0.150094
0 0.8547265625 0.7374233191800879 0.03500000000000003 0.053471000000000074
0 0.8719140625 0.5657543191800878 0.04999999999999993 0.05440900000000005
0 0.946015625 0.32164102489019036 0.083125 0.11538500000000003
0 0.9296875 0.8197909633967789 0.04749999999999999 0.06754299999999991
0 0.9353515625 0.9673685768667641 0.03500000000000003 0.06097600000000002
0 0.961015625 0.5706286749633968 0.05124999999999991 0.04033700000000005
0 0.974921875 0.9813964172767204 0.028124999999999956 0.033770999999999884
