0 0.7118359375 0.19963814787701317 0.23375 0.209193
0 0.0029296875 0.45208790190336745 0.0075 0.022514000000000034
0 0.00390625 0.6361804172767204 0.00875 0.034709000000000025
0 0.00390625 0.6731782884333821 0.00875 0.030955999999999984
0 0.005859375 0.42698741727672035 0.011875 0.034709000000000025
0 0.009765625 0.4128021595900439 0.020625 0.028142000000000056
0 0.0986328125 0.630263307467057 0.19875 0.23452199999999995
0 0.0123828125 0.44229503074670573 0.010624999999999999 0.02626599999999994
0 0.021015625 0.44657315959004396 0.020625 0.028141999999999973
0 0.028984375 0.4246553865300146 0.011875000000000004 0.010319000000000042
0 0.032460937499999995 0.4571897730600292 0.013750000000000002 0.019700000000000023
0 0.0421875 0.4203762576866764 0.015625 0.00750500000000003
0 0.04609375 0.4410584172767204 0.024374999999999994 0.03470899999999994
0 0.0461328125 0.2589561595900439 0.011249999999999996 0.027204
0 0.06324218749999999 0.43355341727672037 0.021875 0.032832999999999994
0 0.10171875 0.8079377364568081 0.0875 0.08630400000000006
0 0.0998828125 0.18385628257686676 0.073125 0.12101400000000001
0 0.146484375 0.2880361595900439 0.013124999999999998 0.02720499999999997
0 0.152265625 0.9788800307467057 0.020000000000000018 0.025328000000000045
0 0.2333203125 0.10679308638360176 0.183125 0.163227
0 0.2713671875 0.7539511112737921 0.24125000000000002 0.2776730000000001
0 0.2769921875 0.32755041727672035 0.021875000000000033 0.034709000000000025
0 0.32875 0.9596802210834553 0.125625 0.07598499999999994
0 0.3009765625 0.2776470614934114 0.03500000000000003 0.048781000000000026
0 0.3625 0.22835915373352855 0.15625 0.11725999999999998
0 0.4119921875 0.37081567496339674 0.023125000000000007 0.03846200000000003
0 0.53796875 0.8608931112737921 0.27375000000000005 0.2757969999999999
0 0.49046875 0.218153411420205 0.14874999999999994 0.12476600000000003
0 0.5618359375 0.3333368345534407 0.0462499999999999 0.06566599999999999
0 0.6326953125 0.4383586749633968 0.02562500000000001 0.038461000000000016
0 0.749296875 0.3772424787701318 0.06000000000000005 0.08067499999999998
0 0.820703125 0.3770149633967789 0.036250000000000004 0.06754200000000002
0 0.92359375 0.32893573060029285 0.15000000000000002 0.17729799999999998
0 0.934453125 0.9344395402635433 0.12937500000000002 0.1275799999999999
0 0.908203125 0.5102930614934115 0.03687499999999999 0.04971799999999995
0 0.9768359375 0.4572780922401172 0.04500000000000004 0.07317099999999993
