2 0.458203125 0.78984375 0.16093700000000005 0.11875000000000002
2 0.2265625 0.4322265625 0.14218799999999998 0.15937499999999993
2 0.2205078125 0.644922375 0.104688 0.13749999999999996
2 0.28046825 0.5462890625 0.196875 0.17500000000000004
2 0.2999995 0.28808543750000004 0.142188 0.12343799999999996
2 0.3484375 0.40546875 0.234375 0.17968800000000001
2 0.3373046875 0.6562495 0.16250000000000003 0.17343799999999998
2 0.3951176875 0.2279296875 0.13281200000000004 0.1
2 0.4138666875 0.5044921875 0.162501 0.11718699999999993
2 0.4296875 0.3220703125 0.140625 0.151563
2 0.44375 0.604688 0.09375 0.15781199999999995
2 0.530859375 0.419141125 0.19999999999999996 0.160937
2 0.5214838749999999 0.1970708125 0.153125 0.135937
2 0.5654301875000001 0.7001958125 0.21093699999999999 0.16718700000000009
2 0.5357426875 0.565234375 0.13124900000000006 0.1375
2 0.643358875 0.3375 0.15312499999999996 0.15625
2 0.646484375 0.2498046875 0.13749999999999996 0.10156199999999999
2 0.658984375 0.4912114375 0.13750000000000007 0.12499999999999994
2 0.6708979375 0.60078125 0.13906299999999994 0.10156299999999996
2 0.770312 0.642577625 0.125 0.14531299999999991
2 0.77578125 0.4595708125 0.13281300000000007 0.16718699999999997
2 0.7666020625 0.3658203125 0.11250000000000004 0.15156199999999997
