0 0.095859375 0.68557325 0.105625 0.1350000000000001
0 0.064453125 0.11458333333333333 0.129375 0.23083299999999998
0 0.119140625 0.5608850833333333 0.239375 0.44083399999999995
0 0.25871093749999996 0.10546875 0.23374999999999999 0.213333
0 0.3266796875 0.9025520833333333 0.25625 0.19166700000000012
0 0.4711328125 0.4495315833333333 0.35437500000000005 0.33249999999999996
0 0.4964453125 0.0859375 0.1825 0.174167
0 0.6396484375 0.7998440833333333 0.21687500000000004 0.22333299999999992
0 0.6659375 0.06640625 0.17312500000000008 0.134167
0 0.805390625 0.35838575 0.3025 0.2741660000000001
0 0.8378125 0.70015625 0.203125 0.196667
0 0.830546875 0.0546875 0.12124999999999997 0.111667
0 0.936875 0.26307291666666666 0.125 0.21666700000000005
