2 0.4026953125 0.574664663250366 0.150625 0.221181
2 0.0283203125 0.8096179267935579 0.058125 0.135895
2 0.044921875 0.6699138286969254 0.09125 0.15557599999999996
2 0.0634765625 0.9165160863836018 0.12875 0.16307400000000002
2 0.0451171875 0.5602608286969253 0.08562499999999999 0.15557599999999996
2 0.1026171875 0.7572472459736457 0.11687499999999999 0.188378
2 0.14828125 0.5523529575402636 0.10250000000000001 0.15932500000000002
2 0.171328125 0.8850570190336751 0.129375 0.20712299999999984
2 0.2412890625 0.502619859443631 0.17499999999999996 0.180881
2 0.2301171875 0.7212785344070277 0.148125 0.21743300000000013
2 0.2625 0.942412251830161 0.12687500000000002 0.09934399999999997
2 0.3272265625 0.6603083133235725 0.09625 0.14620399999999997
2 0.355 0.776638571010249 0.09437500000000004 0.15182799999999985
2 0.402109375 0.9278231844802342 0.13687500000000002 0.14151800000000014
2 0.480390625 0.8194569575402636 0.17687499999999995 0.1593250000000001
2 0.46265625 0.6999649267935578 0.10250000000000004 0.1368319999999999
2 0.5669140625 0.6195215900439238 0.23812500000000003 0.35707600000000006
2 0.520859375 0.9381922825768668 0.10624999999999996 0.12090000000000001
2 0.6608203125 0.9647318345534407 0.11937500000000001 0.06654200000000011
2 0.6992578125 0.8445235036603221 0.10375000000000001 0.19400199999999995
2 0.7741796875 0.9359074114202051 0.13187499999999996 0.124649
2 0.778359375 0.6143813748169838 0.13750000000000007 0.19212699999999996
2 0.7862890625 0.7294287979502196 0.14375000000000004 0.13402000000000008
2 0.80234375 0.8219743440702781 0.14874999999999994 0.16869699999999993
2 0.8464453125 0.5598499575402636 0.12062499999999998 0.15932500000000002
2 0.8865234375 0.8362057613469986 0.09250000000000003 0.20149899999999996
2 0.9162109375 0.6435555710102489 0.1087499999999999 0.15182700000000005
2 0.9361328125 0.9736378038067349 0.10499999999999998 0.04217400000000018
2 0.943359375 0.7763488960468522 0.10624999999999996 0.11340200000000003
2 0.9507421875 0.8933235402635432 0.08562500000000006 0.12652199999999986
