2 0.4598046875 0.9133333333333332 0.03750000000000003 0.04250000000000013
2 0.458125 0.847292 0.03249999999999997 0.03166599999999997
2 0.4596484375 0.8802600833333334 0.02999999999999997 0.03583399999999992
2 0.4696875 0.8118229166666667 0.01687500000000003 0.030833000000000037
2 0.4878515625 0.9408333333333334 0.034999999999999976 0.04333299999999992
2 0.4929296875 0.8055725833333334 0.03749999999999998 0.04999999999999997
2 0.499921875 0.8450003333333332 0.02812500000000001 0.04416600000000015
2 0.5100781249999999 0.7761982499999999 0.03625000000000006 0.03916600000000011
2 0.5159765625 0.9593746666666666 0.03374999999999995 0.05333400000000014
2 0.524375 0.8690621666666667 0.03249999999999997 0.03749999999999994
2 0.5453515625 0.7672395833333333 0.03374999999999995 0.051666999999999984
2 0.5509765625 0.9584375 0.03499999999999992 0.04833299999999996
2 0.5616796875 0.8583333333333334 0.03875000000000006 0.041667000000000044
2 0.5741015625 0.7893746666666667 0.034375000000000044 0.05333400000000014
2 0.5823046875 0.8241149166666667 0.03875000000000006 0.06083299999999999
2 0.58359375 0.9416663333333334 0.024374999999999925 0.04416699999999999
2 0.6078515625 0.9172920000000001 0.03374999999999995 0.0324999999999999
2 0.6053125 0.82588575 0.016874999999999973 0.025832999999999995
2 0.6177734375 0.8864579999999999 0.02937499999999993 0.032500000000000195
2 0.6183203125 0.8559899166666667 0.026874999999999982 0.029165999999999876
