1 0.2955075625 0.07421841666666666 0.128125 0.13854199999999997
1 0.0556640625 0.21666700000000003 0.1125 0.1875
1 0.094140375 0.07942708333333333 0.136719 0.159375
1 0.172266125 0.2153645833333333 0.129687 0.17708300000000002
1 0.389062 0.19713541666666665 0.125782 0.14062499999999997
1 0.4330075625 0.0776045 0.12890600000000002 0.141666
1 0.516015125 0.18958299999999997 0.128907 0.15729199999999996
1 0.539452625 0.055989583333333336 0.113282 0.1125
1 0.622265875 0.17395833333333333 0.12109400000000003 0.166667
1 0.6625005 0.0546875 0.109375 0.111458
1 0.735546875 0.1723955 0.12109399999999992 0.171875
