2 0.4225390625 0.7145315833333333 0.174375 0.20666600000000002
2 0.2165625 0.6821875000000001 0.32937500000000003 0.485833
2 0.26171875 0.3942708333333333 0.11875000000000002 0.09000000000000008
2 0.264921875 0.404167 0.12187499999999998 0.125833
2 0.2603125 0.34984375 0.07874999999999999 0.055832999999999945
2 0.589921875 0.11921875 0.02749999999999997 0.025832999999999995
2 0.6201953125 0.10635383333333333 0.02562500000000001 0.027500000000000007
2 0.896640625 0.535208 0.08374999999999999 0.09416699999999996
2 0.9091796875 0.4744274166666667 0.06874999999999998 0.07583299999999989
2 0.920078125 0.4065625 0.06687500000000002 0.07916699999999999
