2 0.6320703125 0.4342190833333333 0.21437499999999998 0.31666600000000006
2 0.1004296875 0.2119795 0.131875 0.141666
2 0.209375 0.5820833333333334 0.28125 0.35500000000000004
2 0.175546875 0.2430205 0.15375 0.11000000000000003
2 0.3149609375 0.3042190833333333 0.2325 0.1925
2 0.338671875 0.22494825 0.15375 0.10333300000000001
2 0.421640625 0.555833 0.27125 0.2516669999999999
2 0.7376953125 0.25656283333333335 0.12 0.12083300000000001
2 0.7620703125 0.40661491666666666 0.08937499999999998 0.18583300000000003
2 0.7874609375 0.3553125 0.07625000000000004 0.14083300000000007
