1 0.2387890625 0.42292908638360166 0.11250000000000002 0.16135000000000002
1 0.301953125 0.6189890863836017 0.09875 0.16134999999999997
1 0.3710546875 0.5100568286969253 0.10000000000000003 0.15759800000000007
1 0.3890625 0.2013125710102489 0.11000000000000004 0.15197000000000002
1 0.3826171875 0.6628505710102489 0.085625 0.15009399999999992
1 0.47609375 0.35520273060029284 0.11875000000000002 0.17729800000000007
1 0.4728515625 0.5161667979502196 0.09625 0.13414699999999996
1 0.4824609375 0.6678833440702782 0.10874999999999996 0.16791700000000004
1 0.5164453124999999 0.1679534421669107 0.08812500000000006 0.147279
1 0.56765625 0.41741434407027816 0.10312500000000002 0.16979299999999997
