2 0.4248046875 0.7680038901903368 0.16312499999999996 0.20262699999999995
2 0.080078125 0.41347798828696924 0.160625 0.182927
2 0.1979296875 0.5314666939970717 0.16249999999999998 0.24390200000000006
2 0.2402734375 0.6547935036603222 0.155 0.19606000000000007
2 0.2865234375 0.2937006017569546 0.15624999999999997 0.17354600000000003
2 0.46859375 0.35837672474377746 0.21125 0.26922999999999997
2 0.50828125 0.9051492459736458 0.19687500000000002 0.1876169999999999
2 0.6511328125 0.5599245285505124 0.19874999999999998 0.307693
2 0.6823046875 0.8982846325036603 0.16375000000000006 0.1988739999999999
2 0.8581640625 0.7193995285505125 0.26875000000000004 0.307692
