0 0.5612058286969254 0.2408200625 0.15807899999999994 0.11171900000000001
0 0.1431687979502196 0.585546625 0.13466099999999998 0.08281300000000003
0 0.11446793265007321 0.818359125 0.046837999999999984 0.035938000000000025
0 0.1613185402635432 0.505859375 0.128805 0.07421900000000003
0 0.15838322108345534 0.8177736875 0.07377 0.03749999999999998
0 0.3355372650073206 0.6998049375 0.3946140000000001 0.17031200000000002
0 0.26553202489019034 0.57109325 0.11592499999999999 0.10156299999999996
0 0.42888379795021964 0.5216794375 0.13231799999999996 0.09296899999999997
0 0.5240239267935578 0.487109125 0.135832 0.099219
0 0.7275378360175696 0.2552734375 0.5421549999999999 0.405469
0 0.6689181903367496 0.4873044375 0.051522 0.030469000000000024
0 0.6917509326500731 0.4734375 0.04449700000000002 0.017187000000000008
0 0.9429317672035138 0.51093725 0.11007000000000003 0.07031299999999996
