2 0.1083984375 0.4246777445255474 0.216875 0.507952
2 0.1953125 0.7113522408759124 0.390625 0.575304
2 0.151640625 0.1854014598540146 0.27125 0.371375
2 0.3326171875 0.45581621167883213 0.334375 0.7380730000000001
2 0.479140625 0.8063587299270073 0.365 0.3854069999999999
2 0.500625 0.21075881751824815 0.25 0.30495700000000003
2 0.6018749999999999 0.4778860364963504 0.22062500000000002 0.500467
2 0.78359375 0.760875204379562 0.43062500000000004 0.4761459999999999
2 0.755 0.22773722627737225 0.34562499999999996 0.457437
2 0.85453125 0.47156445255474455 0.28937500000000005 0.512628
2 0.9428125 0.27159115328467154 0.11124999999999996 0.259121
