2 0.5203126017569546 0.184691125 0.173214 0.129762
2 0.024890190336749635 0.1976653125 0.049999999999999996 0.12023799999999998
2 0.04978038067349927 0.600595 0.09999999999999999 0.12619100000000005
2 0.05417276720351391 0.4308503125 0.108929 0.08809499999999998
2 0.07320644216691069 0.51268625 0.148214 0.10238099999999994
2 0.11727453440702781 0.264639375 0.21785699999999997 0.10595199999999999
2 0.1558145402635432 0.3612818125 0.12857200000000002 0.10357099999999997
2 0.18688311713030747 0.620070875 0.18571400000000002 0.12142799999999998
2 0.24684456515373354 0.550688625 0.242857 0.11428500000000003
2 0.30320059590043924 0.1810919375 0.266071 0.10833300000000001
2 0.27438311713030744 0.4672338125 0.18571400000000002 0.10476199999999997
2 0.2888123440702782 0.36387625 0.169643 0.102381
2 0.3112393748169839 0.65755175 0.191072 0.15000000000000002
2 0.41577598828696927 0.4264789375 0.18392899999999998 0.140476
2 0.4430270863836017 0.36149525 0.16249999999999998 0.102381
2 0.43909979795021964 0.2748973125 0.13214299999999995 0.08928600000000003
2 0.4833455344070278 0.57473925 0.21785699999999994 0.13333399999999995
2 0.5271671478770131 0.5009946875 0.21071499999999999 0.10119100000000003
2 0.5594877920937043 0.3254741875 0.225 0.11666699999999997
2 0.5890244055636896 0.64721025 0.21607099999999996 0.10238100000000006
2 0.6138123440702781 0.25487375 0.16964300000000002 0.08690500000000001
2 0.6828460190336749 0.4481868125 0.20535699999999998 0.10476100000000005
2 0.7522015651537335 0.354594875 0.24107100000000004 0.12142800000000004
