0 0.554375 0.8626565833333334 0.0943750000000001 0.11416599999999999
0 0.161953125 0.8510416666666666 0.09812499999999999 0.17916700000000021
0 0.206015625 0.76338575 0.11374999999999999 0.150833
0 0.2737890625 0.89786425 0.143125 0.16583399999999995
0 0.3066796875 0.76505175 0.10062499999999996 0.14916699999999997
0 0.35671875 0.8366149166666667 0.11750000000000005 0.185833
0 0.5437890624999999 0.7417711666666666 0.111875 0.13249999999999998
0 0.636328125 0.8049475833333334 0.12937500000000002 0.14500000000000002
0 0.621953125 0.7103645833333334 0.09812500000000002 0.08249999999999987
0 0.66 0.8742708333333332 0.09562499999999996 0.08916700000000007
0 0.8781640625 0.78942675 0.20687500000000003 0.24250000000000002
