2 0.5853828125 0.5226640625000001 0.135 0.11199999999999993
2 0.1943671875 0.25510937499999997 0.05399999999999999 0.07599999999999998
2 0.25201562499999997 0.25385156249999996 0.08299999999999999 0.097
2 0.3011796875 0.467546875 0.069 0.12300000000000005
2 0.31515625 0.269109375 0.07199999999999995 0.07599999999999998
2 0.361875 0.5077109375 0.09399999999999997 0.10899999999999993
2 0.3888046875 0.25706249999999997 0.10099999999999998 0.07999999999999999
2 0.465359375 0.5113593750000001 0.137 0.13699999999999996
2 0.4671796875 0.2513671875 0.069 0.05400000000000002
2 0.688921875 0.5248046875 0.09099999999999997 0.09999999999999998
2 0.7826875 0.5104296875000001 0.11099999999999999 0.13199999999999995
2 0.8658984375 0.498546875 0.09300000000000008 0.12200000000000005
2 0.9124375 0.4968046875 0.04800000000000004 0.10000000000000003
2 0.9194375 0.4492265625 0.04699999999999993 0.065
