1 0.0107421875 0.455757258493353 0.0225 0.036896999999999985
1 0.0104296875 0.3771170487444609 0.0075 0.031221000000000002
1 0.020742187500000002 0.27482583899556867 0.023125 0.023651000000000012
1 0.0258984375 0.506314153618907 0.029375000000000002 0.03500499999999996
1 0.0394140625 0.1129795731166913 0.018750000000000003 0.04446599999999998
1 0.0413671875 0.23709804874446086 0.021875 0.031221000000000002
1 0.05234375 0.24561304874446085 0.024375 0.032167000000000015
1 0.0725390625 0.4354743633677991 0.019375000000000003 0.038789000000000004
1 0.0728125 0.14142883899556868 0.015625 0.023652000000000006
1 0.0987109375 0.22302325849335305 0.014374999999999999 0.036896999999999985
1 0.1218359375 0.19683194387001476 0.014374999999999985 0.027435999999999985
1 0.1257421875 0.32508304874446087 0.023124999999999993 0.03027499999999999
1 0.8231640625 0.46457094387001474 0.018125000000000058 0.027436000000000047
1 0.8830859375 0.5402569438700148 0.015000000000000013 0.029327999999999986
1 0.967578125 0.3373147828655834 0.03687499999999999 0.052980000000000034
1 0.98375 0.030371887740029545 0.03125 0.05581900000000001
1 0.9905859375 0.29450936336779915 0.01375000000000004 0.040681999999999975
