2 0.2430078125 0.3808527272727273 0.04250000000000001 0.11272700000000006
2 0.2462109375 0.4961367272727273 0.044999999999999984 0.081818
2 0.264140625 0.626136 0.05124999999999999 0.127273
2 0.2768359375 0.2526139090909091 0.07749999999999999 0.132727
2 0.27359374999999997 0.4334660909090909 0.056249999999999994 0.150909
2 0.29 0.5827268181818183 0.06375000000000003 0.1363639999999999
2 0.3002734375 0.29909081818181815 0.06124999999999997 0.138182
2 0.310546875 0.7236365454545454 0.058750000000000024 0.092727
2 0.342421875 0.707955 0.09125 0.12545399999999993
2 0.36609375 0.5356816363636363 0.11875000000000002 0.14909100000000006
2 0.3478125 0.18039809090909092 0.07999999999999996 0.09090899999999999
2 0.3540625 0.12704572727272725 0.07874999999999999 0.081818
2 0.359765625 0.4025 0.08375000000000005 0.127273
2 0.380625 0.8106817272727272 0.09375 0.08000000000000007
2 0.3964453125 0.2714202727272727 0.08875 0.14181800000000003
2 0.447890625 0.6434092727272727 0.11499999999999999 0.17272700000000007
2 0.441328125 0.7836936363636362 0.09875 0.1181810000000001
2 0.4499609375 0.09693181818181817 0.10875000000000001 0.07636400000000002
2 0.474375 0.1924431818181818 0.09499999999999997 0.145455
2 0.485390625 0.8444316363636364 0.11499999999999994 0.08545499999999993
2 0.49765625 0.3717618181818182 0.13374999999999992 0.29454500000000006
2 0.5220703125 0.07522745454545454 0.057499999999999996 0.036363000000000006
2 0.5435546875 0.7869320909090909 0.09999999999999998 0.12000000000000002
2 0.56359375 0.6460794545454545 0.11750000000000005 0.19090900000000002
2 0.5712109375 0.12340872727272728 0.10875000000000001 0.08000000000000002
2 0.5892578125 0.23227245454545456 0.10499999999999998 0.16181800000000002
2 0.604375 0.8216478181818182 0.09375 0.10727300000000009
2 0.6524609375 0.5389200909090909 0.10750000000000004 0.152728
2 0.6534375 0.3834092727272727 0.10999999999999999 0.17090899999999995
2 0.6667578125 0.7098861818181817 0.10375000000000001 0.176364
2 0.647734375 0.13522745454545454 0.04375000000000007 0.036363000000000006
2 0.6726953125 0.21482945454545455 0.08875 0.12909100000000004
2 0.6952734375 0.21193145454545456 0.061249999999999916 0.09818199999999999
2 0.734453125 0.34340927272727273 0.0675 0.172727
2 0.7271875 0.5361362727272727 0.04749999999999999 0.17090899999999998
2 0.7310546875 0.6259091818181818 0.03749999999999998 0.114545
2 0.7541015625 0.49136318181818184 0.03499999999999992 0.11454599999999998
2 0.868125 0.8798293636363635 0.09375 0.198182
2 0.916953125 0.9661935454545454 0.0675 0.06181800000000011
2 0.93171875 0.8309656363636364 0.08749999999999991 0.11818199999999993
2 0.9578125 0.9065345454545454 0.08000000000000007 0.12363600000000022
2 0.9734375 0.9840906363636364 0.04875000000000007 0.025455000000000085
