1 0.1015625 0.873958 0.203125 0.25
1 0.1162109375 0.5822913333333334 0.232812 0.22916700000000004
1 0.2669926875 0.2846354166666667 0.351562 0.23229200000000003
1 0.3164065 0.780208 0.422656 0.4375
1 0.6257809999999999 0.9057288333333333 0.34375000000000006 0.18437500000000004
1 0.686327625 0.4166663333333333 0.332032 0.23124999999999998
1 0.6419921875 0.74088575 0.24062499999999998 0.21250000000000005
1 0.855859125 0.6432288333333332 0.2859379999999999 0.371875
1 0.9099611875 0.9447913333333333 0.17812499999999998 0.1041669999999999
1 0.9189455625 0.3492190833333333 0.15937499999999993 0.19062500000000004
