1 0.744609375 0.50046875 0.07499999999999996 0.088333
1 0.0806640625 0.679583 0.050624999999999996 0.06499999999999995
1 0.1421484375 0.7297913333333333 0.061874999999999986 0.07333400000000001
1 0.1496484375 0.65317675 0.06125000000000001 0.05666700000000002
1 0.1584765625 0.6117190833333334 0.06562499999999999 0.06750000000000005
1 0.20390625 0.7814065833333332 0.03999999999999998 0.05000000000000012
1 0.2078125 0.6135934166666667 0.04749999999999999 0.07583399999999996
1 0.2333203125 0.71875 0.05687500000000004 0.06416700000000002
1 0.2426171875 0.5280725833333334 0.05312499999999998 0.04999999999999997
1 0.25089843749999996 0.7805211666666666 0.06062500000000001 0.07000000000000013
1 0.25503906249999997 0.4609892500000001 0.050625 0.070834
1 0.25992187499999997 0.6360416666666667 0.05937499999999998 0.05333299999999993
1 0.2683203125 0.37812533333333337 0.05687500000000001 0.07416599999999995
1 0.273203125 0.6055725833333333 0.06812499999999999 0.051666999999999984
1 0.305625 0.7823440833333333 0.0625 0.09833300000000007
1 0.2999609375 0.48276041666666664 0.04624999999999996 0.07749999999999997
1 0.3017578125 0.3247395833333333 0.04249999999999998 0.05166700000000005
1 0.3220703125 0.64484375 0.05687500000000001 0.05666700000000002
1 0.3353125 0.2673955 0.04812499999999997 0.07916699999999999
1 0.3375390625 0.36880241666666663 0.049375 0.04666600000000002
1 0.3494140625 0.42973958333333334 0.050624999999999976 0.04999999999999997
1 0.3678515625 0.741875 0.06562499999999999 0.09583299999999999
1 0.3862109375 0.3567708333333333 0.04624999999999996 0.09083300000000001
1 0.3963671875 0.4661975833333334 0.05437500000000001 0.08083399999999992
1 0.4251171875 0.7007295 0.05437500000000001 0.079166
1 0.4331640625 0.33942741666666665 0.050624999999999976 0.07749999999999994
1 0.4671875 0.3911458333333333 0.046875 0.058333000000000045
1 0.4720703125 0.24286458333333336 0.05812499999999998 0.08249999999999998
1 0.4833984375 0.5355211666666667 0.06062500000000004 0.06916600000000006
1 0.4903125 0.6183850833333334 0.046875000000000056 0.06583399999999995
1 0.500234375 0.3374479166666666 0.043749999999999956 0.06000000000000002
1 0.5335546875 0.5621354166666667 0.03874999999999995 0.04583300000000001
1 0.538984375 0.5091663333333334 0.04375000000000007 0.04416699999999992
1 0.54484375 0.63161425 0.055625000000000036 0.10166699999999995
1 0.5876171875 0.450417 0.05437499999999995 0.06333300000000001
1 0.5886328125 0.5665625 0.04249999999999998 0.07916699999999999
1 0.589609375 0.5091663333333334 0.043749999999999956 0.04416699999999992
1 0.6019921875 0.38484375 0.05437499999999995 0.05666700000000002
1 0.6016796875 0.6496871666666667 0.03874999999999995 0.06833399999999996
1 0.6553515625 0.4139583333333334 0.03374999999999995 0.07416699999999994
1 0.666640625 0.610417 0.051875000000000004 0.06416600000000001
1 0.681875 0.3446354166666667 0.06437499999999996 0.046667000000000014
1 0.6926171875 0.5545315833333334 0.053749999999999964 0.08249999999999987
1 0.8069140625 0.37348925 0.050000000000000044 0.07250000000000001
1 0.8353125 0.4143746666666666 0.04812499999999997 0.05333399999999999
