1 0.8384765625 0.4934905758354756 0.09750000000000003 0.11028799999999998
1 0.03890625 0.6128430231362468 0.03937499999999999 0.068313
1 0.0766015625 0.5528617172236504 0.065625 0.07242800000000003
1 0.072421875 0.3978246349614396 0.028749999999999998 0.056790000000000056
1 0.091796875 0.49725537017994853 0.05875 0.07160499999999999
1 0.1102734375 0.43177302313624677 0.061249999999999985 0.06749000000000002
1 0.1215625 0.36727094087403594 0.04812499999999999 0.05185200000000004
1 0.1511328125 0.3209209820051414 0.041874999999999996 0.06090499999999998
1 0.1591015625 0.4169128997429306 0.03375 0.046089999999999944
1 0.18421875 0.3622763701799485 0.05500000000000002 0.07078199999999997
1 0.2079296875 0.3172683290488432 0.03812500000000002 0.061728
1 0.24046875 0.28456016452442157 0.023749999999999993 0.032922000000000035
1 0.252578125 0.3198945938303342 0.03562500000000002 0.05102899999999999
