1 0.133359375 0.5313307542533082 0.10625000000000001 0.20944300000000005
1 0.0263671875 0.8079546275992437 0.05375 0.23849900000000002
1 0.0380859375 0.6732312117202269 0.07625 0.131961
1 0.062890625 0.2378853459357278 0.11499999999999999 0.24576299999999998
1 0.047109375 0.6087045425330813 0.07437500000000001 0.08232500000000005
1 0.062265625 0.4593711134215501 0.05125 0.21549599999999997
1 0.11624999999999999 0.8629010359168241 0.1575 0.20096800000000012
1 0.15242187499999998 0.35655059924385635 0.090625 0.18644
1 0.2156640625 0.9241336483931947 0.14375000000000002 0.146489
1 0.2155078125 0.29346813421550094 0.10499999999999998 0.11864400000000005
1 0.21390625 0.5130220359168242 0.07062500000000002 0.20339000000000002
1 0.26371093749999996 0.7855475009451797 0.170625 0.2687649999999999
1 0.2314453125 0.39403662003780715 0.05812499999999998 0.09443100000000001
1 0.29875 0.33794444423440456 0.09375 0.16343799999999997
1 0.3148046875 0.47442975425330813 0.09999999999999998 0.209443
1 0.352265625 0.5670988601134217 0.14625 0.2723969999999999
1 0.315625 0.24005041587901702 0.06375000000000003 0.11137999999999999
1 0.3164453125 0.9648707466918715 0.057499999999999996 0.06416399999999996
1 0.3979296875 0.23525139508506618 0.1325 0.20581099999999997
1 0.4240625 0.7412841417769377 0.1725 0.266344
1 0.4116015625 0.3670206975425331 0.09687499999999999 0.10411599999999997
1 0.4326171875 0.931100211720227 0.11562499999999998 0.13196099999999988
1 0.440703125 0.5127245992438564 0.09875 0.18886200000000003
1 0.448359375 0.1521185708884688 0.07500000000000001 0.13317199999999998
1 0.4840234375 0.4877037750472591 0.09187500000000004 0.11622299999999994
1 0.509765625 0.25812593005671075 0.083125 0.13680399999999998
1 0.5518359374999999 0.8974996483931947 0.13874999999999998 0.146489
1 0.5345703125 0.09058852173913044 0.08812500000000001 0.17433400000000002
1 0.55390625 0.7824876483931947 0.10249999999999992 0.144068
1 0.5554296875 0.387411472589792 0.09999999999999998 0.21791800000000003
1 0.5494140625 0.623638190926276 0.08124999999999993 0.22396999999999995
1 0.6114453125 0.045368620037807186 0.12062499999999998 0.09322
1 0.6192578125 0.19440708506616258 0.10499999999999998 0.159806
1 0.6112890625 0.34573908506616263 0.08187499999999992 0.16222699999999995
1 0.6278515625 0.5069048034026465 0.09625000000000006 0.168281
1 0.6540625 0.1179028809073724 0.11124999999999996 0.17796599999999999
1 0.6960546875 0.8108430359168242 0.19500000000000006 0.20338999999999996
1 0.648046875 0.6678575708884688 0.09124999999999994 0.134382
1 0.6690625 0.33764700756143673 0.04874999999999996 0.14890999999999996
1 0.7399609375 0.5406338317580341 0.10812500000000003 0.22033900000000003
1 0.72671875 0.1838930075614367 0.05625000000000002 0.14891099999999996
1 0.77359375 0.45877624007561435 0.15000000000000002 0.1815980000000001
1 0.7758984375 0.12244744423440454 0.06125000000000003 0.163438
1 0.7994140625 0.034026465028355386 0.08062499999999995 0.070218
1 0.843203125 0.6551996767485821 0.130625 0.1985470000000001
1 0.8441796875 0.801411493383743 0.13187499999999996 0.121065
1 0.82125 0.306105775047259 0.06312499999999999 0.11380099999999999
1 0.8551171875 0.2394555425330813 0.08499999999999996 0.08232399999999998
1 0.8803515625 0.16717821172022684 0.09624999999999995 0.131961
1 0.9015234375 0.44855959924385636 0.12437500000000001 0.186441
1 0.9200390625 0.31993316257088844 0.11187499999999995 0.17070200000000005
1 0.9249609375 0.6218323175803403 0.10750000000000004 0.196126
1 0.9490234375 0.25020282419659734 0.09187500000000004 0.07505999999999999
1 0.97890625 0.5583679300567108 0.040000000000000036 0.13922499999999993
1 0.97875 0.42534464839319475 0.03187499999999999 0.14406799999999995
1 0.9869921875 0.7086376483931948 0.023125000000000062 0.144068
