2 0.1455481875 0.7701638058252428 0.210166 0.3110569999999999
2 0.1260375625 0.3668102621359224 0.128055 0.23086299999999996
2 0.229645625 0.4068686601941747 0.14565000000000003 0.294046
2 0.26192899999999997 0.2173116213592233 0.09384099999999998 0.307411
2 0.369423125 0.2780646213592233 0.16031299999999998 0.306197
2 0.3430634375 0.46158244660194175 0.091887 0.235723
2 0.4662098125 0.41901966019417475 0.134897 0.29526100000000005
2 0.4515745 0.17240870873786407 0.079179 0.216281
2 0.5844831875 0.358247359223301 0.14760600000000001 0.32685299999999995
2 0.7007396875 0.6608492233009708 0.28836699999999993 0.244228
