1 0.75015625 0.5951038333333334 0.07125000000000004 0.08916699999999993
1 0.283515625 0.3164059166666667 0.05125000000000002 0.09333399999999999
1 0.32375 0.39109341666666664 0.0625 0.07583400000000003
1 0.3268359375 0.599792 0.04625000000000001 0.03166599999999997
1 0.3938671875 0.3736975833333333 0.05312500000000003 0.08249999999999998
1 0.3945703125 0.6680725833333333 0.026874999999999982 0.051666999999999984
1 0.4469921875 0.4705211666666667 0.05437499999999995 0.06999999999999991
1 0.4500390625 0.3413541666666666 0.05062500000000003 0.07000000000000002
1 0.4769140625 0.7017190833333333 0.019374999999999976 0.06666599999999996
1 0.5622265625 0.29359341666666666 0.03374999999999995 0.07583400000000003
1 0.6187109375 0.29317675 0.04500000000000004 0.055000000000000014
1 0.631796875 0.23505208333333336 0.059374999999999956 0.06666699999999999
1 0.674453125 0.49598925 0.0675 0.071667
1 0.6719921875 0.59015625 0.053749999999999964 0.07083299999999992
1 0.6887109375 0.3002086666666666 0.04625000000000001 0.05333300000000004
1 0.7562890625 0.91296875 0.05062499999999992 0.088333
1 0.9384765625 0.5459375 0.03500000000000003 0.048333000000000105
1 0.9443359375 0.23390591666666669 0.04500000000000004 0.09166700000000001
