2 0.82984375 0.5198592035139092 0.275 0.346154
2 0.3926953125 0.6641927247437774 0.05687500000000001 0.2673539999999999
2 0.464375 0.23503069399707172 0.125625 0.24390299999999995
2 0.51109375 0.6982536207906296 0.18062500000000004 0.3789870000000001
2 0.5230078125 0.3880087920937042 0.10374999999999995 0.223265
2 0.6055468749999999 0.561547074670571 0.21625 0.34427800000000003
2 0.626953125 0.28808982284040996 0.193125 0.24671699999999996
2 0.7146484375 0.8906913133235725 0.18625000000000003 0.14634200000000003
2 0.7525 0.7312085959004393 0.2506250000000001 0.2654789999999999
2 0.7261328125 0.24561286530014642 0.0731250000000001 0.09005599999999997
2 0.819296875 0.3361862767203514 0.21499999999999997 0.212946
2 0.863515625 0.9588564787701317 0.270625 0.07973700000000002
2 0.8161328125 0.21007912298682282 0.10499999999999998 0.096623
2 0.8258984375 0.09224011713030747 0.12437500000000001 0.186679
2 0.902578125 0.42857530746705713 0.1925 0.23452099999999995
2 0.9299609375 0.24084404978038068 0.13875000000000004 0.23076899999999997
2 0.9581640625 0.59137221522694 0.08125000000000004 0.16510300000000003
2 0.9630078125 0.7071508653001464 0.07250000000000001 0.09005600000000005
