2 0.7067578125 0.3557809166666666 0.510625 0.4366669999999999
2 0.01171875 0.8655729166666667 0.024375 0.09166700000000001
2 0.13671875 0.6579163333333333 0.27375 0.35666700000000007
2 0.1396484375 0.11067708333333333 0.280625 0.2225
2 0.291328125 0.8061975833333334 0.255625 0.33249999999999996
2 0.331640625 0.429167 0.301875 0.3775
2 0.4936328125 0.17578125 0.448125 0.351667
2 0.4562890625 0.8753649166666667 0.20687500000000003 0.24750000000000005
2 0.4677734375 0.630625 0.218125 0.2825
2 0.5615625 0.67057325 0.20374999999999993 0.2583330000000001
2 0.5944140625 0.9185940833333334 0.17562500000000003 0.16
2 0.6955078125 0.7556774166666668 0.26125 0.26499999999999996
2 0.7801171875 0.8690100833333334 0.20937499999999998 0.22249999999999984
2 0.8440234375 0.5413541666666667 0.31062500000000004 0.31916700000000003
2 0.8145703125 0.9390628333333334 0.213125 0.11999999999999995
2 0.896484375 0.6752086666666667 0.19937499999999997 0.3033329999999999
2 0.93203125 0.8482295 0.13375000000000004 0.204166
