2 0.501328125 0.13385450000000002 0.224375 0.23583300000000004
2 0.064453125 0.5650003333333333 0.129375 0.2925
2 0.2018359375 0.6902600833333333 0.26437499999999997 0.28416700000000006
2 0.344375 0.63130175 0.15625 0.213334
2 0.39078125 0.86088575 0.22749999999999998 0.2750000000000001
2 0.4398828125 0.5736458333333333 0.26062500000000005 0.43333299999999997
2 0.6237890625 0.84953125 0.33187500000000003 0.29083299999999995
2 0.6731640625 0.15979200000000002 0.17562499999999992 0.15666599999999997
2 0.8517578125 0.7940100833333332 0.26125 0.3475000000000001
2 0.929609375 0.4438545 0.13812500000000005 0.3600000000000001
