2 0.308359375 0.5042708333333333 0.16875 0.215
2 0.294609375 0.345833 0.138125 0.125
2 0.420703125 0.34619825 0.09812499999999996 0.16666600000000006
2 0.6333203125 0.28411458333333334 0.15125 0.14416700000000002
2 0.6916015625 0.30562466666666666 0.19124999999999992 0.11583399999999999
2 0.68921875 0.85880175 0.15000000000000002 0.213334
2 0.769140625 0.8220315833333333 0.20875 0.3325
2 0.7851171875 0.4015625 0.21062499999999995 0.20333300000000007
2 0.806875 0.73921875 0.15625 0.1499999999999999
2 0.814765625 0.558958 0.1137499999999999 0.15666699999999997
2 0.8562109375 0.6376565833333334 0.13937500000000003 0.239166
