1 0.2209313125 0.4044362037914692 0.08943100000000001 0.11144800000000002
1 0.3465571875 0.6311232037914691 0.08505400000000002 0.1137220000000001
1 0.3610183125 0.8068238672985781 0.08943099999999998 0.10310799999999998
1 0.3380525625 0.2275011990521327 0.033770999999999995 0.09780200000000001
1 0.4330485 0.23878187677725118 0.11006899999999997 0.13267699999999996
1 0.4611584375 0.40794119905213266 0.09318299999999996 0.09780200000000001
1 0.449713125 0.8658146919431279 0.068168 0.07733100000000005
1 0.464646 0.7347503601895735 0.06379000000000001 0.08187999999999986
1 0.5116511875 0.5497151990521327 0.116948 0.09855999999999994
1 0.699090875 0.15078402369668245 0.05941200000000002 0.072024
1 0.7618271875 0.12434369194312797 0.053783000000000025 0.07733099999999998
1 0.882637375 0.566155355450237 0.07504700000000009 0.06823299999999996
1 0.9058204375 0.385715355450237 0.061914000000000025 0.06823299999999996
