0 0.119140625 0.6029640571010249 0.23875 0.6172610000000001
0 0.021249999999999998 0.13389254612005855 0.031875 0.036585
0 0.0562109375 0.0689360307467057 0.015 0.025328999999999997
0 0.07320312500000001 0.04154767496339678 0.035625 0.038462
0 0.21578125 0.17746592093704247 0.134375 0.22701699999999997
0 0.274453125 0.7560710614934114 0.03562499999999996 0.04878099999999994
0 0.33234375 0.060029282576866766 0.14875 0.12288900000000001
0 0.2930859375 0.5287122884333821 0.013749999999999984 0.03001899999999998
0 0.3036328125 0.49858003074670576 0.010624999999999996 0.023451999999999928
0 0.34625 0.6569326749633968 0.03125 0.03846099999999993
0 0.3650390625 0.9058232884333822 0.019374999999999976 0.03095700000000004
0 0.3825 0.9457494172767203 0.03187499999999999 0.03470899999999994
0 0.3819140625 0.8078504172767204 0.01937500000000003 0.03470899999999994
0 0.40296875 0.7970052884333821 0.024375000000000036 0.03189499999999993
0 0.4062890625 0.873402159590044 0.019374999999999976 0.02814300000000003
0 0.4206640625 0.6411690307467057 0.018125000000000002 0.024389999999999988
0 0.4526953125 0.017569546120058566 0.02562500000000001 0.037523
0 0.5615625 0.07726477306002928 0.016875000000000084 0.01782400000000001
0 0.5771875 0.05580303074670571 0.016875000000000084 0.026266
0 0.596015625 0.05767903074670571 0.02124999999999999 0.024390000000000002
