1 0.2612630625 0.6066205395894428 0.23708700000000002 0.17627099999999993
1 0.26498350000000004 0.3731543225806452 0.20491099999999998 0.322882
1 0.3710799375 0.6253314369501466 0.23369999999999996 0.16525499999999993
1 0.369143875 0.3313023910068426 0.15241299999999997 0.33220299999999997
1 0.44323875 0.6391429159335289 0.273497 0.22033899999999998
1 0.4673601875 0.35666277126099705 0.177815 0.31864400000000004
1 0.5025164375 0.6483980185728251 0.248095 0.2322029999999999
1 0.580230625 0.6234983646138808 0.20829799999999998 0.21440699999999996
1 0.594297875 0.35183780547409577 0.21676499999999999 0.322034
1 0.695635375 0.6549677712609971 0.263336 0.316949
