2 0.334921875 0.57703125 0.15250000000000002 0.16500000000000004
2 0.3560546875 0.325833 0.09999999999999998 0.125
2 0.3855078125 0.39343716666666667 0.10375000000000001 0.13166700000000006
2 0.466796875 0.3229166666666667 0.12250000000000005 0.14666700000000002
2 0.492265625 0.4244791666666667 0.08249999999999996 0.09999999999999994
2 0.5088671874999999 0.2710416666666667 0.05375000000000002 0.05333300000000004
2 0.534765625 0.57578125 0.08374999999999999 0.10166699999999995
2 0.5623046875 0.71578125 0.10000000000000009 0.10333299999999997
2 0.5575390625 0.37729166666666664 0.08125000000000004 0.11666700000000008
2 0.5897265625 0.65421875 0.12875000000000003 0.15000000000000005
2 0.56640625 0.3121871666666667 0.07125000000000004 0.06833399999999996
2 0.5679296875 0.24979133333333334 0.06875000000000009 0.07333400000000001
2 0.6015625 0.5378121666666668 0.07999999999999996 0.09999999999999994
2 0.62625 0.2864583333333333 0.06374999999999997 0.07500000000000002
2 0.64890625 0.35078125 0.07125000000000004 0.10166700000000002
2 0.66546875 0.22979133333333335 0.08624999999999994 0.075
2 0.7016015625 0.2830205 0.09749999999999992 0.10999999999999999
2 0.7148828125 0.3913545 0.07250000000000001 0.11000000000000003
