0 0.20203125 0.660625 0.10312500000000002 0.2824999999999999
0 0.235234375 0.44515625 0.10562500000000002 0.07250000000000001
0 0.2541015625 0.372292 0.03500000000000003 0.03249999999999997
0 0.3115625 0.66265625 0.11124999999999996 0.196667
0 0.2996875 0.372292 0.04812500000000003 0.03249999999999997
0 0.301640625 0.30203125 0.051875000000000004 0.040000000000000036
0 0.3043359375 0.4444270833333333 0.04625000000000001 0.035833000000000004
0 0.33640625 0.5215100833333334 0.10312499999999997 0.09666699999999999
0 0.3677734375 0.4453642500000001 0.060624999999999984 0.04083399999999996
0 0.3725 0.3776559166666667 0.06312499999999999 0.030833999999999955
0 0.3759765625 0.3060940833333334 0.06562499999999999 0.034999999999999955
0 0.4631640625 0.7348440833333334 0.17562500000000003 0.34749999999999986
0 0.5172265625 0.12239583333333333 0.19000000000000006 0.246667
0 0.5258984375 0.41343783333333334 0.186875 0.215
0 0.5625 0.9078128333333334 0.1875 0.18249999999999997
0 0.509765625 0.5357815833333334 0.051875000000000004 0.02083300000000003
0 0.60390625 0.4896350833333334 0.13312500000000005 0.2533339999999999
0 0.654921875 0.7652600833333333 0.18374999999999997 0.28416700000000006
0 0.5884765625 0.89369825 0.03374999999999995 0.03999999999999989
0 0.7769140625 0.15119825 0.20687500000000003 0.29
0 0.7787109375 0.49265591666666664 0.20187500000000003 0.279167
0 0.8159375 0.648125 0.140625 0.15833299999999997
0 0.850234375 0.7328645833333334 0.13687499999999997 0.08250000000000002
