1 0.29296825000000004 0.5807288333333332 0.13437599999999997 0.18333400000000002
1 0.23125 0.7325524166666666 0.126562 0.170833
1 0.4123051875 0.31692675 0.05312499999999998 0.11874999999999998
1 0.46796875 0.24505241666666666 0.11874999999999997 0.17083299999999998
1 0.5791015625 0.6445315833333334 0.06562500000000004 0.20624999999999996
1 0.6341796875 0.45000033333333334 0.06874999999999998 0.10625000000000002
1 0.7982426875 0.8661455 0.16406199999999993 0.204167
1 0.822265125 0.7072920000000001 0.12968799999999991 0.0958329999999999
1 0.8999995 0.57838575 0.109375 0.15
1 0.933203125 0.8661461666666668 0.12968800000000003 0.16249999999999995
1 0.9521484375 0.9541666666666666 0.09218800000000005 0.08541700000000008
1 0.9572270625 0.6664059166666666 0.08125000000000004 0.09374999999999993
