2 0.1771875 0.6783854166666666 0.07875000000000001 0.10750000000000008
2 0.13136718749999998 0.4946875 0.085 0.11000000000000003
2 0.14640625000000002 0.581667 0.10187500000000001 0.12749999999999995
2 0.1852734375 0.39833366666666664 0.06187500000000001 0.08499999999999996
2 0.2272265625 0.73661425 0.09687499999999999 0.10333399999999997
2 0.2130078125 0.33536458333333335 0.04125000000000001 0.08250000000000002
2 0.4035546875 0.5154166666666667 0.38125 0.39749999999999996
2 0.2555078125 0.30156216666666663 0.04125000000000001 0.03750000000000001
2 0.4034375 0.8442711666666667 0.08000000000000002 0.13083299999999998
2 0.4690625 0.8631770833333333 0.07875000000000004 0.09833300000000007
2 0.5316796875 0.8563545 0.06937500000000002 0.11000000000000003
2 0.5620703125 0.8109895833333334 0.0893750000000001 0.11333300000000006
2 0.5752734375 0.4821354166666667 0.029999999999999916 0.04666699999999994
2 0.605234375 0.5741666666666666 0.04437500000000005 0.08500000000000003
2 0.6037109375 0.5264065833333333 0.014374999999999916 0.04999999999999997
2 0.80734375 0.4674479166666667 0.24249999999999994 0.31000000000000005
