2 0.3326174375 0.657979081807082 0.124218 0.16601599999999986
2 0.21562525 0.5156430732600733 0.164844 0.14746099999999998
2 0.2103518125 0.3913690476190476 0.103906 0.09765600000000003
2 0.2681640625 0.26343904761904763 0.11171899999999998 0.09667999999999999
2 0.2748044375 0.5940110695970697 0.09296900000000002 0.141602
2 0.3251955625 0.1963040634920635 0.09687500000000004 0.12792999999999996
2 0.4568354375 0.6562730927960928 0.12343800000000005 0.1875
2 0.492578125 0.210958083028083 0.09843800000000003 0.167968
2 0.5693354375 0.5759490866910867 0.12421899999999997 0.17480400000000004
2 0.6064450625 0.29664706715506717 0.14375000000000004 0.135742
2 0.6085935 0.42360006715506715 0.14218799999999998 0.134766
