0 0.4258984375 0.7646350833333333 0.09312500000000001 0.12916699999999995
0 0.1246484375 0.36682258333333334 0.093125 0.113334
0 0.264453125 0.4920309166666667 0.09812499999999996 0.12249999999999998
0 0.32578125 0.38593783333333337 0.07124999999999998 0.08916600000000001
0 0.3768359375 0.5312503333333334 0.07624999999999998 0.106666
0 0.39953125 0.9522399166666666 0.07124999999999998 0.0925000000000001
0 0.4332421875 0.7041149166666667 0.085625 0.06166599999999992
0 0.5231640625 0.28479133333333334 0.05062499999999992 0.07416700000000002
0 0.5766796875 0.7902083333333333 0.09999999999999998 0.135833
0 0.5921484375 0.39020800000000005 0.09312500000000001 0.0949999999999999
0 0.5723828125 0.5817705 0.04249999999999998 0.04833400000000002
0 0.6291015625 0.228542 0.09687499999999993 0.09583300000000002
0 0.698828125 0.7405208333333334 0.12937500000000002 0.15166700000000008
0 0.752578125 0.6942708333333334 0.0675 0.09083299999999994
0 0.7887109375 0.5417184166666668 0.04625000000000001 0.10833399999999986
0 0.8093359375 0.445417 0.07625000000000004 0.06500000000000002
0 0.8808203125 0.7698955 0.05812499999999998 0.07916700000000014
0 0.932734375 0.5495309166666668 0.10562499999999997 0.1233339999999999
0 0.9701953125 0.42140658333333336 0.057499999999999996 0.04999999999999997
0 0.989140625 0.1809375 0.020000000000000018 0.048332999999999994
