2 0.3959765625 0.4542705 0.034999999999999976 0.04916699999999996
2 0.4220703125 0.5081253333333333 0.05812500000000004 0.07416600000000002
2 0.434609375 0.44619824999999996 0.043749999999999956 0.04166600000000006
2 0.4680078125 0.5739065833333333 0.073125 0.050000000000000044
2 0.460390625 0.48265625 0.051875000000000004 0.07250000000000001
2 0.5380078125 0.5730211666666666 0.07250000000000001 0.07000000000000006
2 0.53359375 0.521458 0.05500000000000005 0.031666999999999966
2 0.5376171875 0.4947395833333333 0.05312499999999998 0.050000000000000044
2 0.58875 0.51421875 0.03249999999999997 0.025833000000000144
2 0.59765625 0.562917 0.040000000000000036 0.06416600000000001
