0 0.119765625 0.8583585036603222 0.14625 0.19418399999999994
0 0.0396875 0.06664815959004393 0.0475 0.027204
0 0.13984375 0.14718296339677892 0.24375000000000002 0.06941900000000001
0 0.436953125 0.7543023879941435 0.785625 0.487805
0 0.2626953125 0.3276117979502196 0.400625 0.13414600000000002
0 0.490078125 0.097420803806735 0.22312500000000007 0.042213999999999995
0 0.433671875 0.02420664421669107 0.02812500000000001 0.015947000000000003
0 0.4741796875 0.01546503074670571 0.03749999999999998 0.023453
0 0.6670703124999999 0.21007912298682282 0.33937500000000004 0.096623
0 0.8427734375 0.4780830131771596 0.311875 0.296436
0 0.7521484375 0.041205901903367495 0.030624999999999902 0.022514000000000003
