2 0.498307625 0.29707725 0.11388900000000007 0.10185199999999998
2 0.334592125 0.22624391666666666 0.06805499999999998 0.061111000000000026
2 0.3575299375 0.22005241666666667 0.07777800000000001 0.109259
2 0.3636500625 0.34129024999999996 0.08194500000000005 0.16481499999999996
2 0.399609375 0.3564529166666666 0.07500000000000001 0.15370300000000006
2 0.3916451875 0.203241 0.05277799999999999 0.12592599999999998
2 0.4435110625 0.1425054166666667 0.018056000000000016 0.046297
2 0.4886064375 0.3906825 0.061111000000000026 0.14259300000000005
2 0.515060875 0.139699 0.02777800000000008 0.03148199999999999
2 0.5519313125 0.3879339166666667 0.05694499999999991 0.155556
2 0.5952906875 0.2817133333333333 0.06944499999999998 0.105555
2 0.61484375 0.1888315 0.05555599999999994 0.14259199999999997
2 0.6497610625 0.3804690833333333 0.08055599999999996 0.12962900000000008
2 0.649870125 0.21689833333333333 0.066666 0.10555500000000001
2 0.683203125 0.348495 0.068056 0.157408
2 0.703254875 0.245023 0.09166700000000005 0.094445
