2 0.30295724778761063 0.32632812499999997 0.23135 0.16187500000000002
2 0.05752212389380531 0.5871875 0.115203 0.11125000000000007
2 0.17647758407079647 0.5248828125 0.258734 0.135
2 0.2850614041297935 0.673046875 0.30500499999999997 0.12124999999999997
2 0.46187710914454283 0.1887109375 0.31728100000000004 0.20187499999999997
2 0.48307436283185834 0.387265625 0.26817699999999994 0.11499999999999999
2 0.7270427404129793 0.6588671875 0.3304999999999999 0.1468750000000001
2 0.8195365840707964 0.3555078125 0.25779099999999994 0.10374999999999995
2 0.87637395280236 0.5418359374999999 0.2436259999999999 0.13874999999999998
2 0.8899526902654867 0.4460546875 0.21529799999999996 0.13124999999999998
