2 0.1083984375 0.7551565833333332 0.218125 0.4875000000000001
2 0.1499609375 0.4721350833333333 0.29625 0.5033340000000001
2 0.143984375 0.15364583333333334 0.261875 0.3075
2 0.357734375 0.77432325 0.449375 0.44750000000000006
2 0.3128515625 0.36182325000000004 0.19124999999999998 0.32250000000000006
2 0.4201953125 0.1846875 0.276875 0.36000000000000004
2 0.479921875 0.5764059166666667 0.37125 0.46833400000000003
2 0.635625 0.36656283333333334 0.25187499999999996 0.495833
2 0.607890625 0.9266145833333334 0.083125 0.14416700000000007
2 0.744765625 0.7975517499999999 0.301875 0.39916700000000005
2 0.77109375 0.11197916666666667 0.275 0.22583300000000003
2 0.8334375 0.4846878333333333 0.32999999999999996 0.6525000000000001
2 0.9419140625 0.15234375 0.11312500000000003 0.305
2 0.949453125 0.871667 0.09875 0.2525000000000001
