2 0.108125 0.8987272495309568 0.095 0.158463
2 0.041015625 0.8474874934333959 0.0825 0.20648199999999992
2 0.201796875 0.0150093808630394 0.09000000000000002 0.031211999999999997
2 0.2077734375 0.9144845947467167 0.09187499999999998 0.16686700000000002
2 0.27339843750000004 0.058161350844277676 0.06249999999999997 0.116447
2 0.3109765625 0.9139597673545966 0.128125 0.16926800000000006
2 0.3042578125 0.0150093808630394 0.04125000000000001 0.031211999999999997
2 0.349296875 0.06566604127579738 0.08999999999999997 0.132053
2 0.4310546875 0.9150094221388367 0.13187500000000002 0.16446600000000006
2 0.433125 0.016885553470919325 0.09500000000000003 0.036014
2 0.5471874999999999 0.8599377673545966 0.11125000000000002 0.17046799999999998
2 0.6432421875 0.7800305947467167 0.11687500000000006 0.16686700000000002
2 0.726015625 0.6793409399624766 0.11499999999999999 0.17286899999999994
2 0.8041015625 0.5586895590994372 0.12812500000000004 0.14525799999999997
2 0.786796875 0.0525328330206379 0.028125000000000067 0.106843
2 0.8330859375 0.4637002138836773 0.10749999999999993 0.13565499999999994
2 0.8284375 0.15202148780487806 0.07937499999999997 0.09844000000000001
2 0.8404296875 0.2596192138836773 0.09999999999999998 0.13805499999999998
2 0.852421875 0.36526121388367727 0.08999999999999997 0.13565400000000002
