1 0.712257125 0.7202585521350545 0.19256799999999996 0.14604800000000012
1 0.070365125 0.8135777467725919 0.067568 0.15464000000000003
1 0.0688613125 0.6869527517378351 0.057432000000000004 0.07216500000000013
1 0.1762831875 0.7429288003972194 0.146959 0.07388300000000009
1 0.19415074999999998 0.6159695571002979 0.14864900000000003 0.06357399999999996
1 0.3248259375 0.7370488490566037 0.17060799999999998 0.077319
1 0.3217636875 0.5869493138033763 0.101352 0.05498300000000001
1 0.33688775 0.6379601191658392 0.08783800000000003 0.04639199999999995
1 0.5234111875 0.7312151628599801 0.209459 0.13058400000000006
1 0.7028871875 0.5231865571002978 0.11655399999999994 0.06529199999999998
1 0.6928574375 0.5771765084409135 0.09290600000000004 0.06185500000000005
1 0.71589925 0.6269261678252235 0.07094600000000006 0.0481099999999999
1 0.798194625 0.6513738709036743 0.114865 0.11855600000000001
1 0.8131598125 0.48793992452830187 0.072635 0.037801
1 0.8784579375 0.7194552601787487 0.14020199999999994 0.13402100000000003
1 0.8497945625 0.5449090218470705 0.06587799999999999 0.04295499999999997
1 0.8825746875 0.621582411122145 0.101352 0.058418999999999915
1 0.91174 0.5767969950347567 0.09459399999999996 0.08247499999999999
