2 0.5391406249999999 0.6823092026143791 0.08375000000000005 0.10041799999999994
2 0.0224609375 0.6715345816993463 0.045625 0.10460199999999993
2 0.064453125 0.6731529084967319 0.099375 0.12385
2 0.0537109375 0.5555883594771241 0.04625 0.06025100000000008
2 0.060703125 0.3755679803921569 0.035625000000000004 0.05690400000000002
2 0.113046875 0.4783926013071896 0.059375 0.05188299999999992
2 0.1647265625 0.5578906013071896 0.035 0.05104599999999991
2 0.5987890625 0.664211339869281 0.08125000000000004 0.11715399999999995
2 0.6036328125 0.5526071699346405 0.04249999999999998 0.05857800000000005
2 0.6377734375 0.37854916993464055 0.030625000000000013 0.058576999999999976
2 0.67625 0.47075822222222224 0.06312499999999999 0.04602499999999996
2 0.7096484375 0.5520336013071896 0.030625000000000013 0.05020899999999989
