1 0.6955078125 0.8574292210834553 0.07250000000000001 0.07504600000000008
1 0.3284765625 0.8369314172767203 0.06562499999999999 0.032832999999999994
1 0.3403125 0.5711019267935579 0.07937499999999997 0.13696099999999997
1 0.33109375 0.6375302884333822 0.05562499999999998 0.030956999999999957
1 0.3669140625 0.7328735153733529 0.04999999999999999 0.01313299999999997
1 0.37375 0.5052343499267936 0.0625 0.07692299999999992
1 0.3958984375 0.838693159590044 0.06125000000000003 0.028142999999999863
1 0.4241796875 0.5200859326500733 0.06874999999999998 0.04596599999999988
1 0.61578125 0.8601990614934113 0.07062500000000005 0.04784200000000008
1 0.620625 0.6402310307467057 0.03312500000000007 0.02345200000000001
1 0.6605078125 0.5280028038067349 0.073125 0.042213999999999974
1 0.6747265625 0.6391787730600292 0.06625000000000003 0.01782399999999999
