1 0.1012109375 0.7522395833333334 0.13937500000000003 0.176667
1 0.021484375 0.7521354166666666 0.04375 0.1716670000000001
1 0.0244140625 0.57588575 0.050625 0.15
1 0.073515625 0.9160413333333333 0.11499999999999999 0.135834
1 0.1277734375 0.5517190833333333 0.155 0.19166600000000003
1 0.19171875 0.9718746666666668 0.11875000000000002 0.05333399999999999
1 0.2127734375 0.8535416666666666 0.15500000000000003 0.17750000000000007
1 0.2058984375 0.47984374999999996 0.09187500000000001 0.1808330000000001
1 0.2371484375 0.6723961666666667 0.155 0.16333300000000003
1 0.3191015625 0.519583 0.128125 0.18999999999999995
1 0.3066796875 0.404375 0.09999999999999998 0.09416699999999996
1 0.320390625 0.9148961666666667 0.11375000000000002 0.16333300000000003
1 0.3555078125 0.75734375 0.135625 0.18083299999999994
1 0.3957421875 0.3796350833333333 0.085625 0.12916700000000003
1 0.420859375 0.8873434166666666 0.07500000000000001 0.1383340000000001
1 0.47484375 0.6255725833333333 0.15000000000000002 0.17500000000000004
1 0.4444140625 0.47645866666666664 0.08124999999999999 0.11499999999999992
1 0.5103515625 0.8176559166666667 0.12812499999999993 0.15499999999999994
1 0.5489453125 0.4954684166666667 0.11937500000000001 0.17
1 0.571953125 0.7614065833333333 0.09812500000000002 0.1758329999999999
1 0.596953125 0.9193229166666667 0.13 0.1550000000000001
1 0.66828125 0.69953125 0.1343749999999999 0.16500000000000004
1 0.724453125 0.9310413333333334 0.130625 0.135834
1 0.7369921875 0.44864583333333335 0.11625000000000008 0.18250000000000002
1 0.744140625 0.8152607499999999 0.11499999999999999 0.11750000000000016
1 0.8015234375 0.6985416666666667 0.12437500000000001 0.1774999999999999
1 0.8180859375 0.4612496666666666 0.07750000000000001 0.14583399999999994
1 0.8269140625 0.16661425 0.08125000000000004 0.101667
1 0.8455859375 0.9442184166666667 0.10750000000000004 0.108334
1 0.8494921875 0.36328125 0.08499999999999996 0.10166700000000002
1 0.8692578125 0.8266149166666666 0.10499999999999998 0.18583300000000014
1 0.89953125 0.5868753333333334 0.13312500000000005 0.13749999999999987
1 0.8802734375 0.45359375 0.09187500000000004 0.11916700000000002
1 0.9091015625 0.140417 0.06500000000000006 0.06333299999999999
1 0.9193359375 0.2307295 0.07750000000000001 0.079166
1 0.936171875 0.318333 0.09062500000000007 0.12750000000000003
1 0.9208203125 0.0707295 0.05687500000000001 0.079166
1 0.9484765625 0.9542708333333333 0.09687500000000004 0.08916700000000007
1 0.9509765625 0.7165621666666667 0.09625000000000006 0.16249999999999995
1 0.9587890625 0.445833 0.08062500000000006 0.12500000000000008
1 0.96109375 0.8526565833333333 0.055625000000000036 0.11333300000000006
1 0.9574609375 0.1846354166666667 0.045624999999999916 0.04666699999999998
1 0.96921875 0.14302116666666667 0.055625000000000036 0.069166
1 0.9719921875 0.5695833333333332 0.053749999999999964 0.10500000000000013
1 0.9864453125 0.24911425 0.02562500000000001 0.10166699999999995
