2 0.6636936875 0.786240875 0.22638899999999995 0.18472300000000008
2 0.1249781875 0.3041451875 0.05416699999999999 0.05277799999999999
2 0.12997006249999998 0.2577470625 0.05 0.04999999999999999
2 0.12997006249999998 0.3412981875 0.05 0.022221999999999964
2 0.190234375 0.6678606875 0.10694399999999998 0.09999999999999998
2 0.17595475 0.24262175 0.055555999999999994 0.05555499999999999
2 0.1769313125 0.3224609375 0.056944999999999996 0.04583300000000001
2 0.1762155 0.2882594375 0.048611000000000015 0.030556000000000028
2 0.221875 0.6124345625 0.09444400000000003 0.03472300000000006
2 0.224262375 0.335069 0.044443999999999984 0.031945
2 0.2262155 0.292057625 0.04861099999999996 0.05138900000000002
2 0.2424700625 0.2432939375 0.05000000000000002 0.045833999999999986
2 0.2456595 0.3137155 0.047222000000000014 0.048611000000000015
2 0.2816624375 0.747092125 0.061111000000000026 0.06805499999999998
2 0.2789935 0.289540375 0.047221999999999986 0.044443999999999984
2 0.2819231875 0.330338875 0.05277700000000002 0.027776999999999996
2 0.2999781875 0.25095475 0.05416700000000002 0.055555999999999994
2 0.302040375 0.67404525 0.043054999999999954 0.07222200000000001
2 0.306206375 0.788759125 0.04444500000000001 0.066666
2 0.3180341875 0.7060983125 0.05277699999999996 0.05833299999999997
2 0.332334625 0.3321393125 0.05138900000000002 0.026388999999999996
2 0.3444231875 0.26510449999999997 0.05416599999999999 0.047222000000000014
2 0.3533203125 0.78237825 0.05833299999999997 0.0722219999999999
2 0.355685875 0.661806 0.059722 0.06388799999999994
2 0.37126725 0.8355250625 0.07222200000000001 0.04999999999999993
2 0.3720485 0.7299700625 0.048611000000000015 0.050000000000000044
2 0.4105686875 0.8761064375 0.069444 0.061111000000000026
2 0.408463875 0.7814016875 0.059722 0.06944499999999998
2 0.4230686875 0.703472 0.069444 0.06388899999999997
2 0.4166451875 0.3833548125 0.05277799999999999 0.07361100000000004
2 0.459852875 0.751259125 0.059722 0.066666
2 0.48098925 0.3874781875 0.07083400000000001 0.054166999999999965
2 0.4861328125 0.447352875 0.07361100000000004 0.059722
2 0.477821625 0.8169485625 0.02083299999999999 0.06527799999999995
2 0.6195966875000001 0.9168186875 0.256944 0.13194400000000006
2 0.665407875 0.6511936875 0.18472200000000005 0.10000000000000009
2 0.832856125 0.650217125 0.161111 0.098611
2 0.86432325 0.75043425 0.197222 0.197222
2 0.88046875 0.9165579375 0.21111099999999994 0.13888899999999993
