1 0.06630241666666666 0.6070703125 0.045000000000000005 0.02562500000000001
1 0.14536425 0.449375 0.040834 0.03249999999999997
1 0.2042705 0.5568359375 0.04750000000000002 0.04499999999999993
1 0.20453124999999997 0.814921875 0.03916700000000003 0.028749999999999942
1 0.26609408333333334 0.801171875 0.034165999999999995 0.028750000000000053
1 0.3176045 0.889921875 0.048333000000000036 0.02750000000000008
1 0.32026008333333333 0.7647265625 0.03416700000000006 0.03437499999999993
1 0.32286425 0.6551953125 0.04083399999999996 0.026875000000000093
1 0.3685416666666667 0.441484375 0.05249999999999999 0.044375
1 0.42010450000000005 0.74875 0.04833299999999996 0.03187499999999999
1 0.44869825 0.518359375 0.040832999999999973 0.043125000000000024
1 0.4672395833333334 0.5587109375 0.04999999999999997 0.04625000000000001
1 0.50651075 0.58828125 0.05666599999999996 0.03937500000000005
1 0.6501045 0.25125 0.048333000000000105 0.0325
1 0.7116149166666667 0.0423046875 0.061666000000000075 0.0375
1 0.7271871666666666 0.14253906249999998 0.06833399999999996 0.049375000000000016
1 0.7642708333333333 0.01953125 0.08916699999999993 0.039375
1 0.8353128333333334 0.3153125 0.059165999999999976 0.04812500000000003
1 0.8364065833333334 0.159453125 0.04999999999999997 0.03562499999999999
1 0.8457291666666666 0.263046875 0.03833300000000003 0.028749999999999998
1 0.86286425 0.1015234375 0.04083399999999996 0.029375000000000012
1 0.9269788333333334 0.1919921875 0.05916699999999997 0.053125000000000006
