2 0.3308984375 0.24088541666666666 0.09187500000000004 0.10916700000000001
2 0.0743359375 0.3882812500000001 0.07750000000000001 0.1033329999999999
2 0.111875 0.2995836666666667 0.095 0.14666599999999996
2 0.14347656250000002 0.4026038333333333 0.096875 0.09083399999999993
2 0.1802734375 0.3384371666666666 0.09187500000000001 0.13250000000000006
2 0.1733984375 0.27520866666666666 0.03 0.053333
2 0.2604296875 0.5091145833333334 0.16312500000000002 0.14583299999999996
2 0.24109375 0.24260416666666665 0.11875000000000002 0.13083300000000006
2 0.309921875 0.19312533333333334 0.05937500000000001 0.074166
2 0.412109375 0.17067741666666666 0.138125 0.139166
2 0.4366796875 0.35093749999999996 0.16375 0.174167
2 0.4987890625 0.28796841666666667 0.14375000000000004 0.16999999999999996
2 0.48125 0.13218783333333334 0.09562500000000002 0.151666
2 0.5933984375 0.2563020833333333 0.09312500000000001 0.129167
