2 0.3358984375 0.9049908286969254 0.09250000000000003 0.15759899999999988
2 0.20265624999999998 0.11127379209370425 0.164375 0.22514100000000004
2 0.2275 0.4497566573938507 0.189375 0.311445
2 0.26968749999999997 0.7999083938506587 0.23500000000000001 0.39681099999999997
2 0.3680859375 0.09224011713030747 0.13999999999999996 0.186679
2 0.44171875 0.39846027086383606 0.21125 0.30206399999999994
2 0.54453125 0.7497084245973646 0.2587499999999999 0.41932400000000003
2 0.687109375 0.3403683689604685 0.23187499999999994 0.283302
2 0.78390625 0.6612999092240117 0.2587499999999999 0.4099439999999999
2 0.7677734375 0.04978038067349927 0.09187499999999993 0.100375
2 0.867734375 0.3108764978038067 0.23062500000000008 0.285178
2 0.9425390625 0.5858228169838946 0.11250000000000004 0.33865
