2 0.58625 0.4615043440702782 0.125 0.16979300000000005
2 0.236484375 0.26592631332357247 0.13749999999999998 0.14446499999999998
2 0.2553125 0.4040528286969253 0.140625 0.15759900000000002
2 0.3823046875 0.13796038067349928 0.09999999999999998 0.102252
2 0.397890625 0.5017021478770132 0.11499999999999999 0.21013099999999993
2 0.4006640625 0.2802959267935578 0.080625 0.135084
2 0.4513671875 0.2795595036603221 0.08437500000000003 0.19418399999999994
2 0.493359375 0.2674346017569546 0.075625 0.17448399999999997
2 0.52796875 0.24997831332357245 0.08687500000000004 0.14446599999999998
2 0.5344921874999999 0.22655225183016103 0.085625 0.098499
2 0.5471484375 0.11833047877013177 0.09250000000000003 0.080676
2 0.66484375 0.1883187672035139 0.11812500000000004 0.10975600000000003
2 0.7076171875 0.32250892679355786 0.14749999999999996 0.13508499999999998
