2 0.4559765625 0.4452078888888889 0.065 0.12444499999999999
2 0.0322265625 0.2834023333333333 0.065 0.20000000000000004
2 0.0400390625 0.6019442222222222 0.08125 0.322222
2 0.0775390625 0.0798611111111111 0.14375 0.162222
2 0.0853515625 0.2918754444444444 0.16 0.233333
2 0.1422265625 0.6449305555555556 0.12874999999999998 0.33333299999999993
2 0.19230468750000002 0.3281947777777778 0.16375 0.24444399999999997
2 0.2722265625 0.6694445555555556 0.12875000000000003 0.364444
2 0.30757812500000004 0.351667 0.16124999999999998 0.25333300000000003
2 0.4011328125 0.714167 0.13624999999999998 0.37777700000000003
2 0.443984375 0.3855558888888889 0.16875000000000007 0.27999999999999997
2 0.5072265625 0.15847244444444444 0.12750000000000006 0.20222199999999999
2 0.5578515625 0.758611 0.16000000000000003 0.37555600000000006
2 0.593515625 0.4080553333333333 0.14500000000000002 0.29333400000000004
2 0.6272265625 0.16638866666666666 0.12750000000000006 0.211111
2 0.7099609375 0.809722 0.17125 0.37555600000000006
2 0.7618359375 0.4546523333333334 0.14 0.26222300000000004
2 0.765390625 0.19854144444444444 0.11499999999999999 0.23555600000000002
2 0.87796875 0.8284027777777778 0.15000000000000002 0.337778
2 0.8896875 0.22736144444444445 0.10999999999999999 0.202222
2 0.9111328125 0.4888196666666667 0.135 0.30222199999999994
