1 0.173125 0.13786491666666667 0.09437499999999999 0.12250000000000001
1 0.0244140625 0.754792 0.05 0.03166599999999997
1 0.031484375 0.4299479166666667 0.04375 0.060832999999999915
1 0.0996484375 0.4764065833333333 0.029375 0.051666000000000066
1 0.12234375 0.5007815833333333 0.024375000000000008 0.020832999999999952
1 0.1301171875 0.40635383333333336 0.022500000000000006 0.027500000000000007
1 0.1709765625 0.95463575 0.06499999999999997 0.08750000000000006
1 0.1887109375 0.38869825 0.044999999999999984 0.03999999999999996
1 0.2390625 0.5240100833333333 0.07874999999999999 0.09833399999999992
1 0.279453125 0.3106253333333333 0.03624999999999995 0.07416600000000002
1 0.353203125 0.4820312500000001 0.03562500000000002 0.03916699999999995
1 0.498125 0.4431774166666667 0.031250000000000056 0.014999999999999902
1 0.659921875 0.6259895833333333 0.31000000000000005 0.3633329999999999
1 0.5264453125 0.442083 0.026874999999999982 0.06500000000000002
1 0.6865625 0.3148440833333333 0.26750000000000007 0.3466660000000001
