2 0.0415625 0.5077083333333333 0.07875 0.135833
2 0.0690234375 0.5938541666666667 0.060625000000000005 0.06916699999999998
2 0.12898437499999998 0.70317675 0.13687500000000002 0.18083399999999994
2 0.124140625 0.5255725833333332 0.11499999999999999 0.17666700000000005
2 0.129140625 0.8505205 0.08375 0.11083399999999995
2 0.211796875 0.8209899166666667 0.1225 0.15499999999999994
2 0.2039453125 0.6554684166666668 0.08812500000000001 0.16999999999999993
2 0.732421875 0.16718783333333334 0.08999999999999997 0.153333
2 0.7841015625 0.08130174999999999 0.09687500000000004 0.08833400000000002
2 0.8415234375 0.18005208333333333 0.12312499999999993 0.1925
2 0.830546875 0.44338575 0.08999999999999997 0.15000000000000005
2 0.869140625 0.5887496666666666 0.11375000000000002 0.14749999999999996
2 0.8980078125 0.3632809166666666 0.1043750000000001 0.18583400000000003
2 0.903828125 0.48890591666666666 0.0675 0.09250000000000003
