2 0.7031641791044776 0.3587165 0.135 0.10988999999999999
2 0.03411513859275053 0.665371375 0.07 0.10714299999999999
2 0.03404904051172708 0.354445875 0.068 0.09157499999999996
2 0.06637100213219617 0.2454103125 0.10899999999999999 0.08974399999999999
2 0.1987675906183369 0.8671411875 0.123 0.11629999999999996
2 0.24097441364605543 0.248462125 0.096 0.09798500000000002
2 0.2713049040511727 0.3395470625 0.10700000000000001 0.11263699999999999
2 0.28443710021321966 0.566227125 0.111 0.0989009999999999
2 0.2991727078891258 0.9391208125 0.104 0.10531099999999993
2 0.4023710021321961 0.370070875 0.10900000000000001 0.12179499999999999
2 0.4034371002132196 0.2326473125 0.11300000000000003 0.11996300000000001
2 0.4453710021321962 0.7484005625 0.10999999999999995 0.09706999999999999
2 0.6125692963752666 0.5312464375 0.11699999999999998 0.09340700000000002
2 0.805908315565032 0.0126953125 0.09400000000000003 0.025641
2 0.844040511727079 0.6386326875 0.09999999999999995 0.09981699999999993
2 0.9365031982942431 0.3149431875 0.11499999999999988 0.11538500000000002
2 0.9687846481876332 0.20328275 0.05900000000000011 0.11904700000000001
