1 0.6185061171303075 0.5057812500000001 0.18667999999999996 0.101875
1 0.02342606149341142 0.6307421875 0.04878 0.05312499999999998
1 0.058819607613469986 0.5755859375 0.08255100000000001 0.07687500000000003
1 0.0734868345534407 0.6366015625 0.066604 0.06625000000000003
1 0.13446183455344068 0.64953125 0.06660500000000001 0.07187500000000002
1 0.13716257686676428 0.5813671875 0.060976 0.05437499999999995
1 0.4223146383601757 0.671875 0.10694199999999998 0.09375
1 0.4430668960468521 0.55390625 0.11257 0.07187499999999991
1 0.4771355095168375 0.480078125 0.10506600000000003 0.06687500000000002
1 0.5406710556368961 0.604921875 0.1388369999999999 0.12124999999999997
1 0.5761606383601757 0.6869140625 0.10694199999999998 0.08062500000000006
1 0.584945411420205 0.4000390625 0.12570399999999995 0.08187500000000003
1 0.7034160863836018 0.6140234375 0.16135100000000002 0.09250000000000003
1 0.7105793133235725 0.4334765625 0.1454030000000001 0.09750000000000003
1 0.7401153440702782 0.3112109375 0.16885600000000006 0.10749999999999998
1 0.7803390863836017 0.5179296875 0.1613510000000001 0.13124999999999998
1 0.7831800248901903 0.709453125 0.11538399999999985 0.09937499999999999
1 0.8915160556368961 0.3045703125 0.13883599999999993 0.08937499999999998
1 0.9122241537335285 0.4087890625 0.11819800000000003 0.08187499999999998
1 0.9384901537335284 0.4965234375 0.11913700000000006 0.12312499999999998
