1 0.0205078125 0.3708854166666667 0.041875 0.10833300000000005
1 0.08277343749999999 0.44557325 0.09312500000000001 0.1350000000000001
1 0.225 0.8567190833333332 0.12625 0.19166600000000011
1 0.2945703125 0.3830211666666667 0.150625 0.19416599999999998
1 0.3553125 0.855417 0.109375 0.19000000000000009
1 0.4562109375 0.6065621666666666 0.13874999999999998 0.16249999999999995
1 0.6908203125 0.36218716666666667 0.15125 0.19499999999999998
1 0.7302734375 0.5584375 0.15500000000000003 0.17416700000000004
1 0.7126953125 0.04708300000000001 0.05812500000000009 0.0625
1 0.7819921875 0.2209375 0.14687499999999998 0.1725
1 0.8847265625 0.57473925 0.12749999999999995 0.13333399999999992
1 0.9759375 0.5632815833333333 0.046875 0.14416600000000002
