2 0.2359375 0.23526008333333334 0.04874999999999999 0.035833999999999956
2 0.2552734375 0.21124966666666667 0.031249999999999972 0.022500000000000003
2 0.28234375 0.19901041666666666 0.02437499999999998 0.014999999999999977
2 0.30578125 0.2153125 0.03999999999999998 0.015833000000000024
2 0.3051953125 0.23057325000000004 0.026875000000000038 0.009999999999999972
2 0.3053125 0.1894795 0.015625 0.017500000000000033
2 0.3382421875 0.24005175 0.023125000000000007 0.02583399999999995
2 0.342421875 0.21984341666666665 0.02812500000000001 0.013334000000000032
2 0.3751953125 0.19208366666666665 0.02562500000000001 0.022500000000000003
2 0.4148828125 0.22744758333333334 0.04125000000000001 0.018334
2 0.4242578125 0.21364550000000002 0.04125000000000001 0.017499999999999998
2 0.55078125 0.48833333333333334 0.040000000000000036 0.041666999999999975
2 0.5675 0.455625 0.03249999999999997 0.03333299999999998
2 0.5722265625 0.531458 0.03374999999999995 0.031667000000000035
2 0.607265625 0.48703125 0.051875000000000004 0.03916699999999995
2 0.5958203125 0.44078158333333334 0.026874999999999982 0.019165999999999943
2 0.6104296875 0.5135940833333333 0.03874999999999995 0.034165999999999995
2 0.6166015625 0.4530208333333334 0.03375000000000006 0.027500000000000007
2 0.6185546875 0.5473961666666667 0.03749999999999998 0.03666600000000001
2 0.6426953125 0.29234375 0.05812499999999998 0.05499999999999997
2 0.6419921875 0.2677600833333333 0.053750000000000075 0.034167000000000024
2 0.6596875 0.4212496666666667 0.04875000000000007 0.022500000000000037
2 0.66609375 0.52286425 0.055624999999999925 0.03999999999999989
2 0.6646875 0.483125 0.04874999999999996 0.031667000000000035
2 0.6662109375 0.4522920000000001 0.0462499999999999 0.0324999999999999
2 0.6662109375 0.5563538333333332 0.0462499999999999 0.027500000000000153
2 0.6674609375 0.24619825000000004 0.04499999999999993 0.03999999999999996
2 0.6964453125 0.3205725833333333 0.05812499999999998 0.04999999999999997
2 0.6803125 0.26666633333333334 0.01749999999999996 0.04250000000000002
2 0.6907421875 0.2744270833333333 0.02312499999999995 0.034999999999999996
2 0.7044140625 0.4353125 0.018124999999999947 0.015832999999999986
2 0.7166796875 0.4513538333333333 0.03874999999999995 0.02750000000000008
2 0.7166796875 0.51505175 0.03874999999999995 0.024166999999999977
2 0.7218359375 0.4810940833333333 0.04625000000000001 0.035833000000000004
2 0.7084375 0.24374966666666667 0.016874999999999973 0.020833999999999946
2 0.7222265625 0.54588575 0.03375000000000006 0.02416600000000006
2 0.7200390625 0.285625 0.01937499999999992 0.03249999999999997
2 0.73859375 0.31203125 0.05624999999999991 0.04083300000000001
2 0.7387109375 0.2482291666666667 0.0462499999999999 0.038332999999999985
2 0.7253125 0.2632815833333333 0.015625 0.020833000000000063
2 0.7584765625 0.2792705 0.06500000000000006 0.04833400000000002
2 0.7414453125 0.43921875 0.026249999999999996 0.024166999999999977
2 0.7615234375 0.53255175 0.030000000000000027 0.024167000000000122
2 0.767578125 0.46005175000000004 0.03562500000000002 0.024166999999999977
2 0.78453125 0.4860940833333333 0.040000000000000036 0.034166000000000064
2 0.7879296875 0.5146878333333333 0.03874999999999995 0.027500000000000007
