2 0.805 0.6072469413233458 0.09375 0.08640000000000012
2 0.5644140625 0.6587735330836454 0.11312499999999992 0.12400000000000001
2 0.5831640625 0.5491735330836454 0.11312500000000003 0.1232
2 0.6751171875 0.7461672908863921 0.11687499999999995 0.13439999999999988
2 0.68578125 0.43573133583021223 0.10250000000000004 0.11040000000000003
2 0.6928125 0.5195735330836454 0.10999999999999999 0.12240000000000005
2 0.6955859375 0.6269313358302122 0.10875000000000001 0.11040000000000003
2 0.8069921875 0.4990282147315855 0.11562499999999998 0.11680000000000008
2 0.8165234375 0.703221972534332 0.12312500000000004 0.1256
2 0.824453125 0.8236094881398252 0.130625 0.1472
2 0.9162109375 0.5493313358302122 0.1087499999999999 0.11199999999999999
2 0.9333984375 0.6431610486891386 0.12312500000000004 0.1424000000000001
