2 0.5021875 0.6151942156862745 0.14125 0.1974889999999999
2 0.09128906249999999 0.8964745620915033 0.080625 0.16067
2 0.096484375 0.28753796078431376 0.075 0.11045999999999997
2 0.0797265625 0.23199582352941175 0.03375 0.09456100000000005
2 0.1314453125 0.34894306535947717 0.05687500000000001 0.08451899999999997
2 0.1424609375 0.06535947712418301 0.07750000000000001 0.131381
2 0.1446875 0.6426123921568628 0.047500000000000014 0.10292899999999991
2 0.2055078125 0.6436621176470588 0.073125 0.071967
2 0.25308593749999997 0.32838887581699344 0.07625000000000001 0.08284500000000006
2 0.3250390625 0.9326712875816995 0.143125 0.1305439999999999
2 0.40625 0.6168781503267973 0.09375 0.1129710000000001
2 0.4265625 0.34150450980392155 0.08000000000000002 0.17405899999999994
2 0.476875 0.3034866666666667 0.06312500000000004 0.135565
2 0.5304296875000001 0.824130816993464 0.16312500000000002 0.24686199999999997
2 0.6311328125 0.6428092156862745 0.16749999999999998 0.19832600000000003
2 0.643828125 0.09391485620915033 0.09875 0.138076
2 0.763125 0.6767086666666665 0.156875 0.13472800000000004
2 0.767421875 0.2518551633986928 0.12187499999999996 0.21004199999999995
2 0.8996484375 0.8342225228758171 0.18562500000000004 0.27029299999999995
2 0.8821875 0.18648475163398695 0.140625 0.16234300000000002
2 0.895 0.33721116339869284 0.12624999999999997 0.20920499999999995
