2 0.6126953125 0.08483115373352855 0.08812500000000001 0.11726099999999998
2 0.367265625 0.18378618448023426 0.05125000000000002 0.14258999999999997
2 0.4176953125 0.15660812298682286 0.08875 0.096623
2 0.42546875 0.26746054026354316 0.05624999999999997 0.12851800000000005
2 0.472578125 0.4813003806734993 0.06749999999999995 0.10131299999999999
2 0.4715625 0.22600018448023426 0.04749999999999999 0.142589
2 0.5060156250000001 0.4825100556368961 0.08312499999999995 0.138837
2 0.506796875 0.41082912298682284 0.05937500000000001 0.09380900000000002
2 0.5595703125 0.46480031332357247 0.05812499999999998 0.14634199999999994
2 0.5979296875 0.46187205563689604 0.07000000000000006 0.13977499999999998
2 0.603984375 0.7413077979502196 0.07437499999999997 0.1332079999999999
2 0.6343359375 0.7239667672035139 0.07687500000000003 0.10975599999999991
2 0.638671875 0.6800601229868228 0.05874999999999997 0.09474699999999998
2 0.6552734375 0.8175030922401171 0.09250000000000003 0.0731710000000001
2 0.675625 0.7496365402635432 0.0625 0.12664199999999992
2 0.714609375 0.774210896046852 0.07562500000000005 0.11350899999999996
2 0.86890625 0.6190599707174231 0.259375 0.45403399999999994
