2 0.71836725 0.6631879375 0.13398699999999997 0.10784299999999991
2 0.162568875 0.8131190625 0.089869 0.143791
2 0.237298625 0.760888625 0.145425 0.11437900000000001
2 0.2305010625 0.951784875 0.11274500000000001 0.091503
2 0.28667512500000003 0.6926383125 0.12908499999999998 0.08823500000000006
2 0.3219273125 0.8520159375 0.151961 0.14052299999999995
2 0.3802403125 0.9399701875 0.24509800000000004 0.11601299999999992
2 0.331508125 0.6224530625 0.09803899999999999 0.049020000000000064
2 0.412772875 0.571385 0.15359500000000004 0.09477099999999994
2 0.43696375 0.79616 0.150327 0.12581700000000007
2 0.431781 0.6956255625 0.12581699999999996 0.06535900000000006
2 0.4526655 0.6053606875 0.14215700000000003 0.0996729999999999
2 0.441623375 0.4638995 0.106209 0.08006499999999994
2 0.4345450625 0.36706025 0.04901899999999998 0.13398700000000002
2 0.53372625 0.4034990625 0.13398700000000002 0.05065399999999998
2 0.5334263125 0.6478436875 0.11928100000000003 0.10130700000000004
2 0.58203125 0.8944605625 0.16503299999999999 0.16013100000000002
2 0.5530726875 0.4691398125 0.10130699999999992 0.07352900000000001
2 0.572623125 0.75140375 0.129085 0.11764799999999997
2 0.5654680625 0.570989125 0.11274499999999998 0.13071900000000003
2 0.5782209375 0.8461949375 0.10784300000000002 0.10784300000000002
2 0.6485395 0.48223 0.07843099999999992 0.063726
2 0.6779323125 0.9468636875 0.08823500000000006 0.10130699999999992
2 0.71928625 0.8275059375 0.16503299999999999 0.14052299999999995
2 0.7784859375 0.9589975 0.13888900000000004 0.07843100000000003
2 0.7736223125 0.87267625 0.11928099999999997 0.10294199999999998
2 0.847529 0.7827305 0.09477100000000005 0.14215699999999998
