2 0.4305078125 0.38244825 0.10375000000000001 0.10166600000000003
2 0.25406249999999997 0.2590100833333333 0.11000000000000001 0.09750000000000007
2 0.2623046875 0.3370836666666666 0.10062499999999999 0.14750000000000005
2 0.3316015625 0.36979200000000007 0.12874999999999998 0.15833300000000003
2 0.3137109375 0.2005725833333333 0.044999999999999984 0.050000000000000044
2 0.4854296875 0.16218783333333334 0.32 0.153333
2 0.5671484375 0.41958366666666663 0.12375000000000003 0.14833299999999996
2 0.6951171875 0.3760413333333334 0.11625000000000008 0.13666699999999996
2 0.719765625 0.32161425 0.08374999999999999 0.10333400000000008
2 0.7237890625 0.27828125 0.08125000000000004 0.10333300000000001
