2 0.1370155 0.6097935971223022 0.078217 0.14316399999999993
2 0.0514951875 0.41371658992805765 0.084064 0.293864
2 0.118751875 0.371518654676259 0.09137499999999998 0.12271299999999997
2 0.123868875 0.47776599280575544 0.091375 0.153929
2 0.11213875 0.29035952517985614 0.054825 0.068891
2 0.17770025 0.32166289928057556 0.071637 0.1377819999999999
2 0.227716375 0.21330574820143888 0.137427 0.139936
2 0.1947474375 0.43029452517985617 0.061402999999999985 0.06889199999999988
2 0.2103383125 0.5667039568345323 0.057016999999999984 0.11625400000000002
2 0.236441875 0.10995820143884892 0.09137500000000001 0.131324
2 0.2342375 0.3349964820143885 0.07821700000000004 0.18191599999999997
2 0.243512 0.6231050863309353 0.09503 0.17222799999999994
2 0.24179875 0.499613654676259 0.086258 0.12163600000000006
2 0.264254 0.4167718417266187 0.12573100000000004 0.157159
2 0.26837737500000003 0.6923157482014388 0.10672499999999999 0.13993499999999998
2 0.274705125 0.21717307194244606 0.09941500000000003 0.07534999999999996
2 0.301729375 0.28039605035971227 0.07602299999999995 0.1324
2 0.3302895625 0.7649070647482015 0.12865499999999996 0.22927899999999993
2 0.317331625 0.42537229496402873 0.08333299999999999 0.14854700000000004
2 0.327337125 0.0611131654676259 0.09941499999999998 0.092573
2 0.331963 0.15269653956834534 0.09429799999999999 0.16254
2 0.32412775 0.5397708633093525 0.056286 0.09795499999999994
2 0.3543784375 0.5911202014388489 0.09210500000000005 0.13132399999999997
2 0.381658625 0.3711999928057554 0.08333400000000002 0.153929
2 0.38580475 0.17745353956834534 0.086258 0.16254100000000002
2 0.394588125 0.27499195683453237 0.098684 0.11733099999999998
2 0.3933603125 0.48920095683453235 0.08918100000000001 0.11625399999999994
2 0.3943198125 0.9315793165467626 0.07383100000000004 0.09042000000000001
2 0.4179858125 0.7612614820143885 0.10453200000000001 0.18406799999999998
2 0.4025893125 0.054643618705035965 0.057748999999999995 0.08396100000000002
2 0.4311324375 0.6370117122302158 0.09283599999999997 0.10333700000000007
2 0.43331975 0.5688559568345324 0.08625699999999997 0.11517800000000004
2 0.4325489375 0.11998695683453238 0.04605199999999998 0.11733000000000002
2 0.479384125 0.4318533884892086 0.09868400000000005 0.165769
2 0.5228383125 0.6984224460431655 0.18274800000000002 0.1463939999999999
2 0.48353025 0.14943389928057554 0.10233900000000001 0.13778300000000002
2 0.466923 0.9398073741007196 0.06432700000000002 0.06996699999999986
2 0.485963125 0.040628525179856115 0.09868400000000005 0.06781500000000001
2 0.47201625 0.8170943741007194 0.04093599999999997 0.06996799999999995
2 0.5034776875 0.6090141654676259 0.06944499999999998 0.09472499999999996
2 0.5088345624999999 0.8512207122302158 0.06579000000000007 0.10226100000000007
2 0.561757625 0.3869725971223022 0.11330399999999996 0.14208900000000002
2 0.560033 0.2204241654676259 0.09502900000000003 0.09257300000000003
2 0.5529515 0.9488128633093525 0.07894699999999999 0.0990320000000001
2 0.570529625 0.6352647482014389 0.11330399999999996 0.13885899999999998
2 0.5632025625 0.10960689928057554 0.096491 0.13778200000000002
2 0.571968875 0.2925009784172662 0.08991199999999999 0.05812699999999997
2 0.5912431875 0.7787915971223022 0.11549699999999996 0.14208899999999997
2 0.618020875 0.4867292949640288 0.09064399999999995 0.14747000000000007
2 0.612629875 0.27321235251798565 0.059211000000000014 0.12917099999999998
2 0.6453134375 0.1429653525179856 0.09210499999999999 0.12809399999999999
2 0.648243125 0.9297670719424459 0.098684 0.07535000000000015
2 0.6894815625 0.7081757266187051 0.15862599999999993 0.19806200000000002
2 0.670413 0.34961725899280577 0.09502899999999992 0.110872
2 0.6740395625 0.4464952589928057 0.06505800000000006 0.10979600000000009
2 0.6977169375 0.21293235251798562 0.10818700000000003 0.12917099999999998
2 0.70011 0.8788458633093524 0.06286499999999995 0.10010700000000008
2 0.729863875 0.5774458633093525 0.09137399999999996 0.09795500000000003
2 0.752546625 0.44797729496402877 0.11403600000000003 0.14962399999999998
2 0.7451854375 0.32125686330935255 0.061404000000000014 0.09903100000000001
2 0.791027 0.6858030143884892 0.09429799999999999 0.09687800000000003
2 0.79785725 0.4232202949640288 0.10307 0.14854600000000007
2 0.8139676875 0.5821463525179856 0.13230999999999993 0.12701899999999994
2 0.8078570625 0.2437970503597122 0.111842 0.134554
2 0.8465421875 0.44182741007194243 0.054093999999999975 0.10764300000000003
2 0.87118475 0.3306367482014389 0.0869890000000001 0.13993499999999998
2 0.8792314375 0.515089690647482 0.09283700000000006 0.15931100000000006
2 0.86309825 0.26135025899280573 0.04093600000000008 0.109795
2 0.9062556875 0.4016260143884892 0.07017499999999999 0.09687899999999997
