2 0.2783203125 0.5000002047244094 0.181641 0.20734900000000006
2 0.01171875 0.43044570341207355 0.023438 0.038057999999999946
2 0.0146484375 0.1732283832020997 0.029297 0.05118100000000002
2 0.03125 0.0971127349081365 0.064453 0.070866
2 0.03515625 0.32021043044619424 0.071289 0.09842500000000001
2 0.052734375 0.208661406824147 0.106445 0.07611499999999996
2 0.0830078125 0.3412077742782152 0.166992 0.10892299999999996
2 0.08984375 0.5078742440944881 0.180664 0.2467190000000001
2 0.07910175 0.23622041469816274 0.15039 0.08136500000000002
2 0.056640499999999996 0.141732031496063 0.08007800000000001 0.03280899999999998
2 0.09472625 0.17978972703412074 0.101563 0.06036800000000002
2 0.09472649999999999 0.08530138320209973 0.08007800000000001 0.051182
2 0.139648125 0.26115441469816275 0.128907 0.08267799999999999
2 0.13085912500000002 0.1141730472440945 0.06738299999999998 0.048556999999999996
2 0.1416015625 0.1522313910761155 0.06640599999999999 0.06036700000000001
2 0.216797125 0.1679791102362205 0.13085899999999998 0.11154800000000001
2 0.2304685625 0.358267469816273 0.128906 0.137796
2 0.202148 0.104987062992126 0.0625 0.064304
2 0.2568355 0.26377942257217846 0.109375 0.090551
2 0.3613281875 0.33989511811023626 0.14843699999999999 0.11942199999999999
2 0.3525390625 0.16010540682414698 0.11230499999999999 0.07480299999999998
2 0.363281375 0.23359572703412074 0.10546899999999998 0.06299199999999998
2 0.4404300625 0.4632542125984252 0.20703100000000002 0.21259900000000004
2 0.4042971875 0.19553772703412076 0.11621100000000001 0.06036800000000002
2 0.4863279375 0.3031497585301837 0.16992200000000007 0.09317600000000001
2 0.454102 0.119422719160105 0.09375 0.055118
2 0.4824220625 0.15748040682414696 0.11328100000000002 0.07480300000000001
2 0.5419922500000001 0.2572177664041995 0.196289 0.09973799999999998
2 0.5644534999999999 0.42257181364829394 0.23632800000000004 0.14698200000000003
2 0.5166016875 0.18241507086614175 0.13183599999999995 0.07217799999999999
2 0.5546878125 0.21653539107611547 0.16699200000000003 0.05774300000000001
2 0.6152345625 0.12204740682414698 0.12890600000000008 0.07611500000000002
2 0.6689453125 0.36614146981627294 0.21386700000000003 0.136483
2 0.6494145 0.15748072703412072 0.140625 0.06299200000000003
2 0.6953124375 0.19553773490813647 0.1542969999999999 0.06955400000000002
2 0.7363285625 0.27690275853018376 0.22167899999999996 0.09186399999999997
2 0.729492375 0.33595777427821527 0.200195 0.10761199999999994
2 0.75293 0.23490840682414696 0.15625 0.07349100000000001
