2 0.2855859375 0.3080034385964912 0.10749999999999998 0.14232200000000003
2 0.2933203125 0.42511052046783626 0.08875 0.12265899999999999
2 0.3565625 0.2082925321637427 0.078125 0.11704099999999998
2 0.440859375 0.5410833567251462 0.10625000000000001 0.16292100000000004
2 0.4362109375 0.1511765321637427 0.07687499999999997 0.118913
2 0.50828125 0.30425743859649124 0.10250000000000004 0.14045000000000002
2 0.5637890625 0.1678005789473684 0.08187499999999992 0.107677
2 0.64515625 0.4976674269005848 0.10250000000000004 0.146067
2 0.6533203125 0.22976245029239764 0.08875 0.13857599999999995
2 0.7076953125 0.36833845029239765 0.0893750000000001 0.13857700000000003
