1 0.41105763836017567 0.42109375 0.10788000000000005 0.05499999999999999
1 0.01171303074670571 0.41015625 0.023452 0.03937499999999999
1 0.10020886530014642 0.53421875 0.090056 0.05625000000000002
1 0.2080447057101025 0.6228125 0.06378999999999999 0.04749999999999999
1 0.208114803806735 0.4308984375 0.04315199999999999 0.030625000000000013
1 0.32091331918008786 0.30875 0.054409000000000006 0.03125
1 0.4244009326500732 0.33703125 0.04596599999999996 0.04062500000000002
1 0.51003860761347 0.480078125 0.08442800000000011 0.03562499999999996
1 0.527678251830161 0.6220703125 0.097561 0.05812499999999998
1 0.5117571903367497 0.3421484375 0.05159499999999995 0.06187500000000001
1 0.5408112518301611 0.8119921875 0.09943699999999996 0.05437499999999995
1 0.5882683191800878 0.27625 0.05347099999999999 0.03250000000000003
1 0.6549865768667643 0.4634765625 0.05909900000000001 0.03437499999999999
1 0.743578448023426 0.296796875 0.056285000000000085 0.028749999999999998
1 0.7348637730600294 0.3942578125 0.01969999999999994 0.04249999999999998
1 0.7822238038067351 0.424921875 0.041276 0.028749999999999998
1 0.9109693191800878 0.3283984375 0.05347099999999991 0.030625000000000013
