2 0.06640625 0.15401540154015403 0.134375 0.310078
2 0.1044921875 0.9263341507150715 0.21 0.144468
2 0.14453125 0.41890418151815184 0.290625 0.30373600000000006
2 0.1455078125 0.6803774422442245 0.291875 0.4489079999999999
2 0.24656250000000002 0.13751375137513752 0.32999999999999996 0.275546
2 0.36124999999999996 0.6647334818481848 0.2825000000000001 0.3699790000000001
2 0.421171875 0.3513024114411441 0.24625000000000008 0.28964100000000004
2 0.5521875 0.1352273113311331 0.29750000000000004 0.26709
2 0.645859375 0.5993319317931793 0.32499999999999996 0.359408
2 0.66359375 0.8783294411441145 0.33625000000000005 0.22974
2 0.7076171875 0.3315191815181518 0.271875 0.305144
2 0.8408984375 0.14301430143014301 0.27937499999999993 0.287526
2 0.8860546875 0.8147532618261827 0.22562499999999996 0.36715999999999993
2 0.9128125 0.46686017161716176 0.1725 0.325582
2 0.936875 0.2102047216721672 0.125 0.33544799999999997
2 0.9744140625 0.8683609812981299 0.04937500000000006 0.26074699999999995
