1 0.5359375 0.5498178366013071 0.14250000000000002 0.19330600000000003
1 0.429140625 0.566303339869281 0.08250000000000002 0.11715399999999995
1 0.4355859375 0.4314162875816993 0.07687499999999997 0.12887
1 0.4879296875 0.3661393202614379 0.10062499999999996 0.170711
1 0.47109375 0.2635323921568627 0.05625000000000002 0.10292900000000005
1 0.5084375 0.7071507712418301 0.109375 0.10795
1 0.50953125 0.18350456209150326 0.10312500000000002 0.16066899999999998
1 0.55234375 0.29616839215686275 0.08750000000000002 0.10292900000000002
1 0.5528515625 0.8033798039215686 0.06562500000000004 0.151465
1 0.6139453125 0.2172946666666667 0.11937500000000001 0.133891
1 0.6095703125 0.6129516143790851 0.08875 0.14811699999999992
1 0.6328515625 0.4502915098039216 0.12875000000000003 0.17405799999999996
1 0.633125 0.7834498888888889 0.12624999999999997 0.17907900000000004
1 0.68 0.6413429738562091 0.12687499999999996 0.20836900000000008
1 0.677734375 0.28182807843137253 0.10687500000000005 0.18075300000000002
1 0.7605078125 0.4706379411764706 0.13624999999999998 0.16652699999999998
1 0.7866796875 0.5690270653594772 0.06937500000000008 0.08451799999999994
