2 0.25300781250000004 0.63557325 0.10374999999999998 0.1341660000000001
2 0.0126953125 0.26968716666666664 0.02625 0.068334
2 0.0244140625 0.2055725833333333 0.049375 0.05000000000000001
2 0.0517578125 0.26468716666666664 0.041249999999999995 0.06833400000000005
2 0.06343750000000001 0.20890658333333334 0.048124999999999994 0.04999999999999997
2 0.07921875 0.2618229166666666 0.024374999999999994 0.029167000000000016
2 0.083125 0.23619825000000003 0.031875 0.04166599999999998
2 0.2459765625 0.4228645833333333 0.06562499999999999 0.08333300000000003
2 0.2534765625 0.5605725833333334 0.065 0.050000000000000044
2 0.252265625 0.3535934166666666 0.05125000000000002 0.07583400000000003
2 0.2905859375 0.29963541666666665 0.044999999999999984 0.045000000000000005
2 0.3074609375 0.5994274166666668 0.07750000000000001 0.07583299999999989
2 0.3294921875 0.6560934166666667 0.08500000000000002 0.07750000000000005
2 0.350390625 0.4091666666666667 0.08249999999999996 0.08583299999999998
2 0.33796875 0.35619825 0.055625000000000036 0.04083300000000004
2 0.3570703125 0.31786458333333334 0.08812500000000001 0.080833
2 0.4 0.27692741666666665 0.0625 0.07583300000000004
2 0.4086328125 0.450833 0.07250000000000001 0.12500000000000008
2 0.4240234375 0.3549996666666666 0.09312500000000001 0.08583400000000001
2 0.42703125 0.5403128333333332 0.07125000000000004 0.05916600000000013
2 0.4377734375 0.4719274166666667 0.09312500000000001 0.0774999999999999
2 0.44296875 0.24364583333333334 0.05562499999999998 0.05833299999999997
2 0.4626171875 0.31536458333333334 0.05437499999999995 0.08166699999999998
2 0.4896484375 0.4143225833333333 0.09312500000000001 0.11333399999999998
2 0.4933203125 0.220417 0.08874999999999994 0.06416599999999995
2 0.505390625 0.2792184166666667 0.083125 0.108334
2 0.4903125 0.5543225833333333 0.04750000000000004 0.11333399999999998
2 0.515 0.35348925 0.0625 0.07250000000000001
2 0.5317578125 0.3861975833333333 0.04249999999999998 0.080834
2 0.539140625 0.21411491666666668 0.051875000000000004 0.061666
2 0.5813671875 0.21723958333333335 0.08437499999999998 0.051666999999999984
2 0.562109375 0.3488545 0.04437499999999994 0.11000000000000003
2 0.5661328125 0.5349996666666667 0.04125000000000001 0.08416699999999995
2 0.6184375 0.350208 0.08000000000000007 0.09416700000000004
2 0.63921875 0.2669274166666667 0.055625000000000036 0.07750000000000001
2 0.6767578125 0.27932324999999997 0.104375 0.07249999999999997
2 0.6805859375 0.440208 0.10875000000000001 0.09416699999999996
2 0.67015625 0.3421871666666667 0.07125000000000004 0.06999999999999991
2 0.724921875 0.39078125 0.09062499999999996 0.10333299999999997
2 0.7667578125 0.72692675 0.104375 0.11916700000000002
2 0.7371484375 0.29536425 0.029999999999999916 0.03999999999999996
2 0.771171875 0.34208299999999997 0.05937500000000007 0.06333400000000004
2 0.806328125 0.6745833333333334 0.0993750000000001 0.106667
2 0.810625 0.57328125 0.06437499999999996 0.10333299999999997
2 0.843515625 0.61338575 0.083125 0.15000000000000005
