0 0.888984375 0.4398440833333333 0.16874999999999996 0.223333
0 0.150390625 0.3424479166666667 0.3025 0.685
0 0.2650390625 0.767292 0.11250000000000002 0.15666599999999997
0 0.2925390625 0.6027600833333334 0.11249999999999999 0.15999999999999984
0 0.3028515625 0.8235416666666667 0.06562499999999999 0.1774999999999999
0 0.3430859375 0.5826559166666666 0.07624999999999998 0.15500000000000003
0 0.374765625 0.30484375 0.11499999999999999 0.18083299999999994
0 0.3425390625 0.6688538333333334 0.018125000000000002 0.027499999999999858
0 0.3727734375 0.3901045 0.02999999999999997 0.04833299999999996
0 0.505859375 0.809167 0.29437500000000005 0.3775000000000001
0 0.424375 0.4137496666666667 0.125625 0.14833399999999997
0 0.4553125 0.1757291666666667 0.11124999999999996 0.16166699999999998
0 0.5134375 0.25671841666666667 0.10999999999999999 0.108334
0 0.5004296875 0.3728128333333333 0.03875000000000001 0.058333000000000045
0 0.6530859375 0.39609374999999997 0.326875 0.4941670000000001
0 0.8446484375 0.6449996666666666 0.15500000000000003 0.20999999999999996
0 0.9335546875 0.3026045 0.13124999999999998 0.17249999999999996
0 0.941796875 0.7511975833333334 0.09062500000000007 0.08166699999999993
0 0.95546875 0.67046875 0.08687500000000004 0.21333300000000013
0 0.9896875 0.4866145833333333 0.01749999999999996 0.1450000000000001
