2 0.02734375 0.6217430588235295 0.055625 0.08662899999999989
2 0.041015625 0.3587649411764706 0.08375 0.21751499999999996
2 0.0654296875 0.47957758823529406 0.1325 0.25329599999999997
2 0.1083984375 0.7680177647058823 0.218125 0.46045199999999986
2 0.4990234375 0.4985294117647059 0.999375 0.9990579999999999
2 0.187890625 0.11176470588235295 0.27 0.224105
2 0.193046875 0.4200126470588236 0.21625 0.28907700000000003
2 0.237578125 0.8581618823529411 0.286875 0.28060199999999996
2 0.233984375 0.17445188235294118 0.16937500000000003 0.17984900000000004
2 0.30757812500000004 0.7392517647058823 0.223125 0.41148799999999996
2 0.370390625 0.2948484705882353 0.23875000000000002 0.48493400000000003
2 0.5093359375 0.43958441176470586 0.29562499999999997 0.3983050000000001
2 0.4689453125 0.1760270588235294 0.18187500000000006 0.23728900000000003
2 0.5300390625 0.7558300588235294 0.23812500000000003 0.48587499999999995
2 0.661171875 0.9110941176470588 0.340625 0.17325799999999994
2 0.5875390625 0.058823529411764705 0.11187500000000006 0.11770200000000001
2 0.672890625 0.24835200000000002 0.20875 0.25141300000000005
2 0.8061328125 0.6565999411764706 0.355 0.516007
2 0.731484375 0.11683282352941177 0.16875000000000007 0.19491499999999998
2 0.787109375 0.32493082352941177 0.26249999999999996 0.194915
2 0.7158203125 0.48559829411764704 0.08937499999999998 0.17796700000000001
2 0.8149609375 0.42207570588235294 0.26375000000000004 0.274953
2 0.8938671875 0.082533 0.17812499999999998 0.152542
2 0.926015625 0.8803590588235293 0.145625 0.236346
2 0.9557421875 0.22523500000000002 0.08562500000000006 0.20150699999999994
2 0.968125 0.41642570588235295 0.0625 0.2740110000000001
2 0.9846484375 0.6629718235294118 0.02937500000000004 0.19491599999999995
