1 0.1845703125 0.18515675 0.339063 0.36875
1 0.0224609375 0.0705083125 0.045313 0.057812
1 0.0322265625 0.632422375 0.065625 0.29375000000000007
1 0.056640625 0.8623041875 0.114063 0.271876
1 0.08984325 0.0224609375 0.164063 0.045313
1 0.2244140625 0.6775390625 0.3 0.30000000000000004
1 0.2240239375 0.9056645625 0.20156200000000002 0.1593739999999999
1 0.4162104375 0.935938 0.34218800000000005 0.125
1 0.353515625 0.0361328125 0.207812 0.073437
1 0.423047375 0.31171875 0.26249999999999996 0.273438
1 0.370703625 0.1263671875 0.145312 0.115625
1 0.4982421875 0.7529296875 0.36562500000000003 0.35
1 0.5158203125 0.07421875 0.18281300000000006 0.148438
1 0.58046875 0.1701176875 0.21093800000000007 0.22656199999999999
1 0.6439458125 0.01171875 0.13593699999999997 0.025
1 0.7001948125 0.345313 0.198438 0.22031199999999998
1 0.7744140625 0.7531255 0.26875000000000004 0.32968699999999995
1 0.8193359375 0.4740229375 0.35781300000000005 0.42031299999999994
1 0.8326171875 0.1240234375 0.30468699999999993 0.248437
