2 0.071484375 0.3994140625 0.04375 0.04999999999999999
2 0.1150395625 0.44296875 0.06562499999999999 0.05468799999999996
2 0.12578125 0.381640125 0.07187500000000001 0.06718800000000003
2 0.168359375 0.4154291875 0.07499999999999998 0.05312499999999998
2 0.173828125 0.453125 0.035938 0.03281299999999998
2 0.3404301875 0.6499995 0.084374 0.07968800000000009
2 0.3466796875 0.723828125 0.06874999999999998 0.067187
2 0.3759765625 0.6041015625 0.09687499999999999 0.06562499999999993
2 0.38359325 0.57421825 0.10312500000000002 0.07187499999999991
2 0.407421875 0.66875 0.09062500000000001 0.09531300000000009
2 0.407422375 0.7396489375 0.07499899999999998 0.07656199999999991
