2 0.02279925 0.13590175 0.039216 0.02450999999999999
2 0.054126 0.481311 0.063725 0.03267999999999999
2 0.0668405 0.456125375 0.080065 0.04411700000000002
2 0.1195041875 0.2417724375 0.053922 0.031046000000000018
2 0.1188659375 0.161726625 0.045752 0.021241999999999983
2 0.1214765 0.146024875 0.047386 0.027777999999999997
2 0.13454850000000002 0.2283813125 0.047386 0.026144
2 0.13391025 0.3322806875 0.04085000000000001 0.037580999999999976
2 0.1433759375 0.352226 0.045752000000000015 0.03268000000000004
2 0.1721305 0.31201525 0.04738500000000001 0.039215
2 0.177709125 0.218915625 0.03594700000000001 0.019607999999999987
2 0.197597875 0.4169285625 0.058822999999999986 0.03431400000000001
2 0.24430625 0.4910958125 0.07189600000000002 0.042483999999999966
2 0.232268375 0.40025025 0.04411800000000002 0.03921600000000003
2 0.2537719375 0.5211076875 0.07679800000000003 0.06862800000000002
2 0.2534911875 0.4110308125 0.053922000000000025 0.042483999999999966
2 0.25187637500000004 0.1600734375 0.04411799999999996 0.029411999999999994
2 0.2610229375 0.1754176875 0.045752000000000015 0.037581
2 0.3035069375 0.265944125 0.045750999999999986 0.03594800000000001
2 0.320504375 0.293083875 0.04411700000000002 0.027778000000000025
2 0.340074 0.2760864375 0.06372500000000003 0.029411999999999994
2 0.3541599375 0.164994625 0.04575199999999996 0.019607999999999987
2 0.368808375 0.3714956875 0.07516399999999995 0.037582000000000004
2 0.3577470625 0.1862174375 0.05065400000000003 0.03104499999999999
2 0.3753635625 0.425079375 0.06535999999999997 0.04411700000000002
2 0.385825 0.5002231875 0.063726 0.05392199999999997
2 0.3838910625 0.153556625 0.05065400000000003 0.019607999999999987
2 0.3985586875 0.5338605625 0.07026199999999999 0.06535899999999994
2 0.4289664375 0.4835640625 0.06209100000000001 0.05065400000000003
2 0.480276875 0.199946875 0.060457999999999956 0.027776999999999996
2 0.483544875 0.2166241875 0.05882399999999999 0.02287599999999998
2 0.53515625 0.3188895625 0.07189500000000004 0.03431299999999998
2 0.544002875 0.2966901875 0.05882299999999996 0.022876000000000007
2 0.57891675 0.6077470625 0.08660100000000004 0.049020000000000064
2 0.5747105625 0.57181925 0.06535900000000006 0.040849000000000024
2 0.5724766875 0.1764134375 0.037580999999999976 0.031045000000000017
2 0.587482625 0.4273708125 0.05228699999999997 0.04248300000000005
2 0.58489025 0.2934221875 0.03921600000000003 0.022876000000000007
2 0.5983005625 0.162684 0.03431400000000007 0.032680000000000015
2 0.6119724375 0.4505659375 0.062092000000000036 0.045750999999999986
2 0.6214573125 0.4034990625 0.05718999999999996 0.04902000000000001
2 0.62410625 0.1731454375 0.04085000000000005 0.029411999999999994
2 0.6407461875 0.222821875 0.053922000000000025 0.027777999999999997
2 0.6564095625 0.24011925 0.06535899999999994 0.04085
2 0.70672525 0.5342180625 0.07189500000000004 0.04901999999999995
2 0.709355 0.139808 0.06372500000000003 0.03268
2 0.7312534375 0.5116803750000001 0.062091999999999925 0.044117999999999935
2 0.7342215 0.172488 0.04738600000000004 0.032678999999999986
2 0.7603079375 0.3446750625 0.07679799999999992 0.04902000000000001
2 0.7574358125 0.222821875 0.042483999999999966 0.027777999999999997
2 0.7789585625 0.5312691875 0.06536000000000008 0.053922000000000025
2 0.773756625 0.2450404375 0.052288 0.03104599999999999
2 0.796913375 0.3495770625 0.07516299999999998 0.04902000000000001
2 0.786828625 0.211703 0.05228700000000008 0.03267999999999999
2 0.7962943125 0.379684875 0.057188999999999934 0.027778000000000025
2 0.8148681875 0.629965625 0.08496700000000001 0.052288
2 0.839039875 0.6714155 0.091503 0.07843099999999992
2 0.8887355 0.475732375 0.07843199999999995 0.04411799999999999
2 0.90351825 0.1731454375 0.04085000000000005 0.029411999999999994
2 0.923407 0.2646484375 0.06372500000000003 0.029411999999999994
2 0.9328726875 0.286867 0.068627 0.03268000000000004
2 0.9263750625 0.159096875 0.049019000000000035 0.027777999999999997
2 0.925079375 0.187870625 0.04411699999999996 0.021240999999999982
2 0.932891875 0.5459368125 0.06045699999999998 0.07352899999999996
2 0.9750749375 0.638135625 0.045752000000000015 0.052288
2 0.9891810625 0.691061875 0.017973999999999934 0.06045699999999998
2 0.9934448125 0.6185468125 0.009803999999999924 0.042483999999999966
