2 0.0240234375 0.43348925 0.030625 0.07250000000000001
2 0.0569140625 0.39781283333333334 0.05 0.05833299999999997
2 0.13093749999999998 0.769375 0.0475 0.09416700000000011
2 0.13187500000000002 0.3502604166666667 0.03249999999999999 0.07749999999999997
2 0.1642578125 0.31562533333333337 0.04250000000000001 0.07416599999999995
2 0.2046484375 0.7223440833333333 0.060624999999999984 0.09833299999999993
2 0.2191796875 0.264583 0.03875000000000001 0.06500000000000002
2 0.24421875 0.6829163333333333 0.05562500000000001 0.10666700000000014
2 0.25773437499999996 0.235417 0.044375000000000026 0.06333300000000001
2 0.3160546875 0.6314059166666667 0.06937500000000002 0.09333399999999988
2 0.335234375 0.1769788333333333 0.04437500000000005 0.057500000000000016
2 0.3605078125 0.610208 0.07374999999999998 0.09500000000000004
2 0.4926171875 0.2243746666666667 0.2725 0.42749999999999994
2 0.45765625 0.5531770833333334 0.07125000000000004 0.09833299999999993
2 0.50265625 0.5033854166666667 0.07124999999999992 0.10833299999999994
2 0.581875 0.45744824999999995 0.06312499999999999 0.10333300000000005
2 0.69375 0.2734375 0.28125 0.548333
2 0.606796875 0.03125 0.059374999999999956 0.064167
2 0.8260546875 0.317708 0.03874999999999995 0.09500000000000001
2 0.8616015625 0.29630175 0.03500000000000003 0.08833400000000007
