0 0.1171875 0.8671874166666668 0.04882800000000001 0.04427099999999987
0 0.127929375 0.8385418333333332 0.04296899999999999 0.057292000000000044
0 0.3974611875 0.6445310833333334 0.02343700000000004 0.035155999999999965
0 0.4111333125 0.1953120833333333 0.026366999999999974 0.03515700000000003
0 0.4609375625 0.6367190833333334 0.035155999999999965 0.03515599999999989
0 0.4599604375 0.1210935 0.029297000000000017 0.046875
0 0.489258 0.18098941666666665 0.03222599999999992 0.04687499999999998
0 0.525391 0.3697913333333333 0.03222599999999998 0.041667000000000044
0 0.589844 0.2265626666666667 0.03222599999999998 0.054686999999999965
0 0.625977 0.18489608333333332 0.03222599999999998 0.03645799999999999
0 0.6376949375 0.7591144166666668 0.04492200000000002 0.04557299999999994
0 0.660156 0.23828133333333334 0.03125 0.042969
0 0.677734375 0.2825518333333334 0.011719000000000035 0.027343999999999962
0 0.69433625 0.7604163333333332 0.041015000000000024 0.04296900000000011
0 0.7031245625 0.3333334166666666 0.03320400000000001 0.04557300000000005
0 0.74511725 0.7669275833333332 0.04003900000000005 0.052082999999999956
0 0.775391 0.5703120833333334 0.03222599999999998 0.03515700000000003
0 0.8398440625 0.544271 0.01855399999999996 0.03125
0 0.85156275 0.7812497500000001 0.024413999999999936 0.02343799999999992
0 0.859374625 0.5455729166666666 0.019532000000000105 0.02864599999999995
0 0.9023441875 0.020833 0.022460000000000035 0.03125
0 0.90429675 0.4882809166666666 0.024414000000000047 0.029948000000000013
0 0.91210975 0.09895866666666665 0.024413999999999936 0.023437000000000003
0 0.9150395 0.3255205833333334 0.017577999999999983 0.019531999999999956
0 0.9296871875 0.29036425 0.021484999999999976 0.039063000000000035
