1 0.03125 0.5234433529411765 0.06375 0.163842
1 0.062890625 0.24272417647058822 0.11437499999999999 0.15819299999999997
1 0.091328125 0.7851504705882352 0.129375 0.182674
1 0.1566796875 0.9170403529411765 0.131875 0.1628999999999999
1 0.2012109375 0.8169959999999999 0.10874999999999999 0.152543
1 0.2355859375 0.08823529411764706 0.10875000000000001 0.177966
1 0.2361328125 0.6854023529411764 0.10375000000000001 0.161958
1 0.2419921875 0.38472911764705886 0.116875 0.172316
1 0.30734375 0.4904873529411765 0.11875 0.163841
1 0.425703125 0.6798046470588235 0.130625 0.19114899999999999
1 0.4587109375 0.03676470588235294 0.10875000000000001 0.076271
1 0.536015625 0.33629370588235297 0.11499999999999999 0.1742
1 0.558125 0.6733298235294117 0.12687500000000007 0.19491499999999998
1 0.5610546875 0.052941176470588235 0.09999999999999998 0.106403
1 0.6605078125 0.07205882352941176 0.10499999999999998 0.145009
1 0.680703125 0.6303120588235294 0.12937500000000002 0.18644
1 0.7762109375 0.057352941176470586 0.10875000000000001 0.116761
1 0.8554296875 0.16556447058823529 0.09999999999999998 0.18267400000000003
1 0.9137109375 0.7521934705882353 0.10875000000000001 0.182674
1 0.954296875 0.1539159411764706 0.08999999999999997 0.16666699999999998
