1 0.1467578125 0.6426337888563051 0.04125000000000001 0.06390999999999998
1 0.185234375 0.6068062375366569 0.04374999999999998 0.05827099999999997
1 0.1855078125 0.6555656862170087 0.04249999999999998 0.05075200000000009
1 0.223671875 0.28473841055718474 0.05875 0.04981199999999998
1 0.2205859375 0.1706036862170088 0.04625000000000001 0.05169099999999999
1 0.2198828125 0.1960922375366569 0.04250000000000001 0.056391000000000004
1 0.2433203125 0.2389115131964809 0.05750000000000002 0.061091
1 0.24484375 0.38150682111436945 0.05500000000000002 0.093985
1 0.26179687500000004 0.13496375659824048 0.028124999999999983 0.031015000000000004
1 0.2755859375 0.18876085923753666 0.044999999999999984 0.04135299999999999
1 0.273203125 0.16015213489736072 0.036250000000000004 0.046053000000000004
1 0.281015625 0.31240813489736075 0.05125000000000002 0.04605199999999997
1 0.2996875 0.5850026158357771 0.048750000000000016 0.0733080000000001
1 0.2985546875 0.23304641055718472 0.03874999999999995 0.04981200000000002
1 0.308359375 0.6696665777126101 0.043125000000000024 0.125
1 0.3103125 0.5504931994134897 0.04749999999999999 0.10996200000000006
1 0.3186328125 0.2730466862170088 0.04250000000000004 0.05169200000000003
1 0.3175 0.14206903225806453 0.03249999999999997 0.034774
1 0.328828125 0.7128226158357772 0.03687499999999999 0.07330799999999993
1 0.3487109375 0.22210806451612902 0.04500000000000004 0.065789
1 0.3590234375 0.7513556158357771 0.06187500000000001 0.07142899999999985
1 0.3466015625 0.5059035835777126 0.034999999999999976 0.03853399999999993
1 0.35390625 0.6097387888563051 0.04062500000000002 0.06390999999999998
1 0.3554296875 0.5532352375366568 0.03812500000000002 0.057330999999999986
1 0.3590234375 0.12267068621700879 0.030625000000000013 0.05169200000000003
1 0.3718359375 0.7965821671554253 0.044999999999999984 0.07894700000000002
1 0.3736328125 0.25642985923753664 0.04249999999999998 0.042293999999999984
1 0.3755859375 0.16225723753665688 0.044999999999999984 0.05733100000000003
1 0.388125 0.6804923724340175 0.06437500000000002 0.10244400000000016
1 0.3856640625 0.1902656158357771 0.04999999999999999 0.071429
1 0.3915234375 0.9124092697947214 0.06124999999999997 0.09022600000000017
1 0.3938671875 0.6087247184750734 0.05375000000000002 0.08458699999999991
1 0.3930078125 0.840941788856305 0.04125000000000001 0.06391000000000006
1 0.3953515625 0.5306041671554252 0.03500000000000003 0.07894799999999991
1 0.4003515625 0.4851140322580645 0.03375 0.034774
1 0.4183984375 0.31485289149560114 0.06125000000000003 0.075187
1 0.4248046875 0.9651153401759531 0.07 0.067669
1 0.4223828125 0.6592121348973607 0.04250000000000004 0.04605299999999998
1 0.431015625 0.7921833401759532 0.05124999999999996 0.06954899999999997
1 0.4337109375 0.6934983401759531 0.04562499999999997 0.06767
1 0.4510546875 0.8847790263929619 0.06937500000000002 0.11748099999999995
1 0.43828125 0.6013933401759531 0.04062499999999997 0.06954899999999997
1 0.44609375 0.5427096158357771 0.05624999999999997 0.07142799999999996
1 0.44046875 0.4962044105571847 0.02437499999999998 0.04699300000000005
1 0.4632421875 0.741317788856305 0.053749999999999964 0.06297
1 0.461953125 0.6329730967741936 0.03562499999999996 0.09680499999999999
1 0.477109375 0.4728219618768329 0.04375000000000001 0.05545099999999994
1 0.4828125 0.5301914428152492 0.04749999999999999 0.08082699999999998
1 0.488671875 0.827783788856305 0.05937500000000007 0.06297000000000008
1 0.5062109375 0.9024839941348974 0.04500000000000004 0.08740599999999989
1 0.508046875 0.7115814428152494 0.028124999999999956 0.08082800000000004
1 0.5200390625 0.635942237536657 0.050000000000000044 0.0573309999999999
1 0.5176562499999999 0.517220064516129 0.03937499999999999 0.06484999999999996
1 0.5342578125 0.5778973401759531 0.041874999999999996 0.067669
1 0.5430078125 0.7050775131964809 0.04125000000000001 0.05920999999999998
1 0.5609765625 0.7739126158357771 0.06562499999999993 0.07142799999999996
1 0.557890625 0.8698160967741935 0.05125000000000002 0.0968040000000001
1 0.5680859375 0.6024458914956011 0.04625000000000001 0.07518800000000006
1 0.56359375 0.5442114809384164 0.024375000000000036 0.029134999999999998
1 0.582265625 0.6654158914956011 0.05249999999999999 0.07518800000000006
1 0.6013671875 0.8426726480938416 0.053750000000000075 0.10526400000000011
1 0.615703125 0.8149654428152492 0.06687500000000002 0.08082700000000015
1 0.621875 0.7362050645161291 0.0625 0.06579000000000003
1 0.6190625 0.6874822052785924 0.04875000000000007 0.024436000000000062
1 0.6216796875 0.627183064516129 0.03874999999999995 0.06484899999999998
1 0.661640625 0.7978608211143695 0.05125000000000002 0.09398500000000012
