2 0.5353794375 0.7163949375 0.12418299999999999 0.14052299999999995
2 0.05859375 0.6595240625 0.117647 0.143791
2 0.090239625 0.7180289375 0.145425 0.14052300000000006
2 0.3586286875 0.6109009375 0.09967300000000001 0.10784300000000002
2 0.471392875 0.636067375 0.09150300000000006 0.106209
2 0.56385325 0.65208825 0.10294100000000006 0.10294099999999995
2 0.6403695 0.6815194375 0.07843199999999995 0.09313700000000003
2 0.73797525 0.7075866875 0.13398700000000008 0.13235300000000005
2 0.729843625 0.631242125 0.11437900000000001 0.066994
2 0.8675641875 0.73925175 0.20915000000000006 0.14869200000000005
2 0.8418928125 0.63901625 0.135621 0.10294100000000006
2 0.9331150625 0.6184125 0.11274499999999998 0.10947799999999996
