2 0.76 0.348515625 0.31375 0.30125
2 0.10171875 0.455546875 0.14875 0.21499999999999997
2 0.201875 0.5928125 0.281875 0.39124999999999993
2 0.19480468750000002 0.857734375 0.2575 0.23062499999999997
2 0.33187500000000003 0.1766015625 0.25125 0.19125
2 0.3807421875 0.9101171875 0.17812499999999998 0.17812499999999998
2 0.5571484375 0.509765625 0.12312500000000004 0.239375
2 0.6011328125 0.2730078125 0.1981250000000001 0.198125
2 0.5909375 0.68078125 0.11124999999999996 0.13312500000000005
2 0.733125 0.7023828125 0.21999999999999997 0.16749999999999998
2 0.935625 0.6274609375 0.12624999999999997 0.32625000000000004
