1 0.1455078125 0.37079229629629634 0.292 0.4052139999999999
1 0.2115 0.7977717777777777 0.376 0.369668
1 0.234203125 0.5466916296296296 0.318 0.260663
1 0.24996875000000002 0.12037037037037036 0.33599999999999997 0.241706
1 0.45015625 0.3450554074074074 0.322 0.37914700000000007
1 0.394453125 0.9212034814814815 0.13 0.151658
1 0.6189453125 0.9528312592592593 0.338 0.08293899999999992
1 0.7468515625 0.20309514814814816 0.3460000000000001 0.36018900000000004
1 0.83615625 0.4911471111111111 0.32199999999999995 0.348341
1 0.873046875 0.8010794444444445 0.248 0.3909949999999999
