2 0.080078125 0.27755175 0.161875 0.4008340000000001
2 0.10546875 0.24036458333333333 0.211875 0.45833299999999993
2 0.1083984375 0.7611461666666667 0.218125 0.47500000000000003
2 0.1103515625 0.71005175 0.22125 0.399167
2 0.1668359375 0.4631770833333333 0.170625 0.34833300000000006
2 0.1900390625 0.11067708333333333 0.175625 0.2225
2 0.28421874999999996 0.8653125 0.30625 0.266667
2 0.282734375 0.8501045 0.29437499999999994 0.29750000000000004
2 0.3451953125 0.15364583333333334 0.400625 0.3075
2 0.4196484375 0.5032809166666666 0.436875 0.5599999999999999
2 0.3784375 0.15234375 0.329375 0.305833
2 0.5860937500000001 0.9206249999999999 0.305 0.1566670000000001
2 0.54375 0.9266145833333334 0.21937500000000004 0.14416700000000007
2 0.6729296874999999 0.748333 0.413125 0.5008340000000001
2 0.673125 0.7463020833333333 0.406875 0.5041670000000001
2 0.6796875 0.11197916666666667 0.36 0.224167
2 0.6894921875 0.11458333333333333 0.33562500000000006 0.23
2 0.6955859375 0.3935413333333333 0.295625 0.385834
2 0.7401953125 0.3990628333333333 0.369375 0.37000000000000005
2 0.88453125 0.4296871666666666 0.22812500000000002 0.31916700000000003
2 0.909765625 0.96984375 0.1775 0.05666700000000002
2 0.9094140625 0.9715107499999999 0.17437499999999995 0.05500000000000016
2 0.9130859375 0.7676045 0.17125 0.42250000000000004
2 0.9148828125 0.7767190833333334 0.16749999999999998 0.44083300000000003
2 0.91640625 0.15036425 0.16500000000000004 0.290834
2 0.9173046875 0.16447883333333332 0.16312499999999996 0.30833399999999994
2 0.92296875 0.42953125 0.14875000000000005 0.28916699999999995
