2 0.03430079155672823 0.7840234375 0.069257 0.09187499999999993
2 0.040897097625329816 0.72125 0.08277 0.0631250000000001
2 0.052770448548812667 0.3551171875 0.10641899999999999 0.11625000000000002
2 0.05408970976253298 0.8715625 0.110642 0.11062499999999997
2 0.06596306068601583 0.62140625 0.133446 0.10249999999999992
2 0.08311345646437995 0.501953125 0.168074 0.13
2 0.08443271767810026 0.2296875 0.170608 0.23625000000000002
2 0.0925089788918206 0.0762109375 0.173142 0.14
2 0.11004275461741425 0.956640625 0.119932 0.08374999999999999
2 0.1468765461741425 0.8108203125 0.18918999999999997 0.15187499999999998
2 0.1752228073878628 0.7004296875 0.19172299999999998 0.10062499999999996
2 0.26521142744063325 0.1153125 0.277872 0.14125
2 0.24168059102902376 0.9635546875 0.19848 0.07000000000000006
2 0.25091541952506596 0.0390625 0.21706099999999992 0.07875
2 0.24674859102902377 0.5965234375 0.19848 0.12437500000000001
2 0.3223162189973615 0.3861328125 0.346284 0.26
2 0.27076050923482853 0.4891796875 0.23986500000000002 0.10062500000000002
2 0.3115530844327177 0.2622265625 0.314189 0.16
2 0.27725911345646437 0.8576953125 0.20523599999999997 0.213125
2 0.3112716200527704 0.9596875 0.08783800000000005 0.07874999999999999
2 0.3710159340369393 0.89453125 0.16216200000000006 0.16437500000000005
2 0.4296065013192612 0.5562109375 0.17821000000000004 0.13999999999999996
2 0.445437635883905 0.698984375 0.21030400000000002 0.16937500000000005
2 0.45446341952506597 0.072265625 0.217061 0.145
2 0.46919115831134567 0.9635546875 0.21452699999999994 0.07000000000000006
2 0.44797845646437995 0.803671875 0.16807400000000003 0.09062499999999996
2 0.5465727704485488 0.18800781249999998 0.24239900000000003 0.22875
2 0.5344410237467019 0.4694140625 0.184122 0.11249999999999999
2 0.5469009788918205 0.88046875 0.1731420000000001 0.14874999999999994
2 0.5864294643799473 0.3321484375 0.22888500000000006 0.27999999999999997
2 0.5613141503957784 0.6184375 0.154561 0.14187499999999997
2 0.6042904485488126 0.7752734375 0.10641900000000004 0.09250000000000003
2 0.6452505382585753 0.922890625 0.12922300000000006 0.114375
2 0.6878366358839051 0.9755859375 0.21030400000000002 0.04625000000000001
2 0.7126925540897098 0.8270703125 0.24915599999999993 0.1831250000000001
2 0.6864680237467018 0.7100390625 0.18243299999999996 0.14374999999999993
2 0.7778736068601583 0.1891796875 0.32094599999999995 0.25625
2 0.7618334274406332 0.5782812500000001 0.27956100000000006 0.25937499999999997
2 0.8459788601583114 0.0607421875 0.26351299999999994 0.11562499999999999
2 0.8090947176781004 0.92359375 0.1706079999999999 0.15000000000000002
2 0.861865166226913 0.293671875 0.274493 0.18437499999999998
2 0.8724260765171504 0.4517578125 0.253378 0.16749999999999998
2 0.8904477546174142 0.9527734375 0.11993300000000003 0.09250000000000003
2 0.9170981952506596 0.78296875 0.16385100000000005 0.14875000000000005
2 0.9385897546174141 0.679296875 0.11993200000000015 0.18499999999999994
2 0.9723312242744063 0.14851562499999998 0.05320900000000008 0.11437499999999999
