1 0.0078125 0.5100520833333333 0.015625 0.06583299999999996
1 0.03484375 0.6314065833333333 0.025 0.04999999999999997
1 0.0853125 0.5697395833333334 0.046875 0.0499999999999999
1 0.1127734375 0.3069274166666667 0.061249999999999985 0.07749999999999997
1 0.1909765625 0.8609378333333334 0.06625 0.08999999999999986
1 0.207421875 0.33838508333333334 0.05937499999999998 0.06666699999999996
1 0.2213671875 0.7323440833333333 0.08437499999999998 0.09666600000000007
1 0.2533203125 0.2360934166666667 0.05812500000000001 0.07583399999999996
1 0.2915234375 0.6609895833333334 0.09187500000000001 0.11416699999999998
1 0.2996875 0.2952086666666667 0.046875 0.053333
1 0.3500390625 0.75630175 0.08124999999999999 0.08833399999999998
1 0.3802734375 0.35223958333333333 0.030000000000000027 0.05000000000000001
1 0.4888671875 0.5100524166666667 0.08562499999999995 0.1075
1 0.5355859375 0.39171908333333333 0.07624999999999998 0.06666600000000004
1 0.5835546875 0.7428645833333333 0.06875000000000009 0.08333299999999995
1 0.8207421875 0.6340628333333332 0.08562499999999995 0.12083300000000004
1 0.9044140625 0.8332812500000001 0.08125000000000004 0.10166699999999995
1 0.9035546875 0.9826559166666667 0.06999999999999995 0.030834000000000028
1 0.9278515625 0.6806770833333333 0.09687500000000004 0.09666700000000006
1 0.9423046875 0.7853645833333333 0.07000000000000006 0.08250000000000002
1 0.9912109375 0.2697399166666667 0.015000000000000013 0.093333
