2 0.3291015625 0.4937500000000001 0.15999999999999998 0.18999999999999995
2 0.204140625 0.5106246666666666 0.08250000000000002 0.11583399999999999
2 0.2717578125 0.7140621666666668 0.19749999999999998 0.2874999999999999
2 0.32218749999999996 0.34807258333333335 0.173125 0.17583400000000007
2 0.41796875 0.157917 0.15000000000000002 0.18916599999999995
2 0.4314453125 0.7763020833333334 0.12062499999999998 0.2549999999999999
2 0.49 0.4627086666666667 0.15812499999999996 0.1774999999999999
2 0.6077343749999999 0.6485934166666667 0.294375 0.3274999999999999
2 0.5686328125 0.2744795 0.135625 0.1425
2 0.6613671875 0.4930204999999999 0.21062499999999995 0.23583400000000002
2 0.817421875 0.5088538333333333 0.15375000000000005 0.2775
