1 0.0517578125 0.5234373333333333 0.103516 0.324219
1 0.0908203125 0.2278646666666667 0.182617 0.367187
1 0.1015625 0.8111979166666666 0.203125 0.2786459999999999
1 0.1806636875 0.5390626666666667 0.22460999999999998 0.334635
1 0.2890625 0.7812496666666666 0.235352 0.303386
1 0.2871094375 0.23307274999999997 0.217773 0.33724
1 0.4150395625 0.5026038333333332 0.22265600000000002 0.33854200000000007
1 0.5214840625 0.22005191666666665 0.268555 0.309896
1 0.502930125 0.7929689166666666 0.22460899999999995 0.31249999999999994
1 0.63476525 0.4934899166666667 0.25781300000000007 0.3736979999999999
1 0.749023 0.7617185833333334 0.25 0.33203099999999997
1 0.772461375 0.18098941666666668 0.231445 0.263021
1 0.88378925 0.41406258333333334 0.22851500000000002 0.36458299999999993
1 0.893554625 0.9127599166666668 0.17773399999999995 0.06119799999999994
1 0.9316406875 0.7343750833333332 0.13281200000000004 0.3489580000000001
1 0.945312375 0.15625016666666666 0.10644500000000001 0.195312
