2 0.57953125 0.44593750000000004 0.19687499999999997 0.17249999999999996
2 0.2991015625 0.35083333333333333 0.15874999999999997 0.16666700000000004
2 0.3480859375 0.4690104166666667 0.23375 0.1391669999999999
2 0.3848046875 0.26234341666666666 0.13187499999999996 0.139167
2 0.432109375 0.3792184166666666 0.13687499999999997 0.10833400000000008
2 0.4913671875 0.31906216666666665 0.17812499999999992 0.1616670000000001
2 0.491328125 0.5184371666666666 0.16125 0.13083400000000003
2 0.4777734375 0.19781250000000003 0.12312500000000004 0.14166700000000002
2 0.522265625 0.18145866666666666 0.14624999999999994 0.115833
2 0.5933203125 0.2380205 0.1206250000000001 0.111667
2 0.6596875 0.31645866666666667 0.11125000000000007 0.11666599999999994
