0 0.638958 0.4254296875 0.28250000000000003 0.22625000000000006
0 0.0078125 0.5896484375 0.015833 0.02937500000000004
0 0.009114583333333334 0.63109375 0.018333 0.024375000000000036
0 0.028333333333333332 0.57 0.04250000000000001 0.03125
0 0.03770866666666667 0.5371484375 0.0525 0.02937500000000004
0 0.03494758333333333 0.2468359375 0.018333999999999993 0.013749999999999984
0 0.04786425 0.3345703125 0.039167 0.025624999999999953
0 0.08291633333333333 0.01953125 0.10666700000000001 0.04
0 0.07052083333333334 0.50546875 0.026667000000000007 0.023749999999999938
0 0.22286458333333334 0.5814453125 0.08166699999999998 0.05812499999999998
0 0.25604133333333334 0.0523046875 0.136667 0.10062499999999999
0 0.35651075 0.7427734375 0.305 0.21687499999999993
0 0.4235940833333333 0.8857421875 0.28416600000000003 0.17937499999999995
0 0.42911458333333335 0.282734375 0.269167 0.230625
0 0.4104166666666667 0.1546875 0.022499999999999964 0.015625
0 0.69953125 0.210078125 0.28916699999999995 0.224375
0 0.5734899166666666 0.274765625 0.030000000000000027 0.019999999999999962
0 0.5748434166666666 0.2611328125 0.013334000000000104 0.010000000000000009
0 0.64151075 0.62125 0.05666600000000003 0.032500000000000084
0 0.648125 0.674765625 0.031666999999999966 0.020625000000000004
0 0.7244788333333334 0.6046484375 0.05916699999999997 0.030625000000000013
0 0.74401075 0.635390625 0.05666600000000003 0.020625000000000004
0 0.7467704999999999 0.746640625 0.04750000000000002 0.020625000000000004
0 0.7576559166666668 0.93265625 0.029999999999999954 0.04062500000000002
0 0.7864065833333332 0.6047265625 0.05000000000000012 0.034375000000000044
0 0.79817675 0.6410546875 0.055000000000000014 0.03749999999999998
0 0.7969270833333333 0.3814453125 0.03416700000000006 0.025624999999999953
0 0.8141145833333333 0.3705859375 0.020832999999999952 0.013749999999999984
0 0.8257291666666666 0.9632421875 0.03833300000000003 0.021874999999999978
0 0.8860940833333334 0.426171875 0.034166000000000064 0.028749999999999998
0 0.91421875 0.5976171875 0.02499999999999991 0.022499999999999964
0 0.98338575 0.325859375 0.02500000000000006 0.011874999999999969
