0 0.67765625 0.3992745095168374 0.07062500000000005 0.10318899999999999
0 0.293828125 0.706238803806735 0.036250000000000004 0.042213999999999974
0 0.4121484375 0.7763855095168375 0.09312499999999996 0.10506499999999998
0 0.6724609375 0.30343209224011713 0.04499999999999993 0.07317
0 0.7156640625 0.6599040922401171 0.04999999999999993 0.07317100000000001
0 0.7440625 0.2506004787701318 0.046875 0.08067599999999996
0 0.84390625 0.12913144802342608 0.03937500000000005 0.05628499999999998
0 0.9055078125 0.04305596339677892 0.04249999999999998 0.069418
0 0.9358203125 0.8396753191800879 0.026874999999999982 0.05534700000000003
0 0.950625 0.7159615768667643 0.03312499999999996 0.0590999999999999
