2 0.48038746696035245 0.59328125 0.5399809999999999 0.29000000000000004
2 0.1527165932452276 0.3236328125 0.306679 0.19812499999999997
2 0.15090459177679882 0.46109375 0.285042 0.305625
2 0.15861344787077827 0.6999609375 0.27281299999999997 0.265
2 0.3717927356828194 0.4265625 0.30009399999999997 0.11125000000000002
2 0.4325040249632893 0.3048828125 0.34995299999999996 0.166875
2 0.45951045080763575 0.83421875 0.31138299999999997 0.21187500000000004
2 0.6254240234948605 0.444921875 0.331138 0.18437499999999996
2 0.7743818766519824 0.666796875 0.2756349999999999 0.12125000000000008
2 0.8256161674008811 0.80203125 0.34524900000000003 0.29000000000000004
