1 0.323125 0.05453125 0.03125 0.03999999999999999
1 0.398125 0.15583333333333335 0.03249999999999997 0.041666999999999975
1 0.4135546875 0.07822916666666667 0.03875000000000001 0.036667000000000005
1 0.412265625 0.1167705 0.019999999999999962 0.04833399999999999
1 0.412265625 0.18244758333333333 0.019999999999999962 0.020000000000000018
1 0.4368359375 0.11208366666666665 0.013749999999999984 0.021666
1 0.4544921875 0.6191663333333334 0.02250000000000002 0.041666999999999975
1 0.471171875 0.6993746666666666 0.028749999999999998 0.05333399999999999
1 0.483515625 0.38895799999999997 0.020000000000000018 0.033333999999999975
1 0.52296875 0.40302083333333333 0.02375000000000005 0.028333000000000014
1 0.578828125 0.5463538333333333 0.036250000000000004 0.02833400000000008
1 0.576171875 0.30411458333333335 0.02749999999999997 0.020000000000000018
1 0.603828125 0.24640658333333332 0.036250000000000004 0.05166599999999999
1 0.832421875 0.6191663333333334 0.02749999999999997 0.043333999999999984
1 0.8364453125 0.7158333333333333 0.026249999999999996 0.041667000000000044
1 0.85421875 0.742292 0.023749999999999938 0.03166600000000012
1 0.8568359375 0.67401075 0.01375000000000004 0.055000000000000014
1 0.906875 0.7448961666666666 0.03249999999999997 0.03666600000000001
1 0.943671875 0.7280208333333333 0.02749999999999997 0.026666999999999923
1 0.983125 0.4216149166666667 0.03125 0.061666
