1 0.8812890625 0.7037847979502196 0.11187499999999995 0.1332079999999999
1 0.08734375 0.8535360248901903 0.1175 0.11538499999999999
1 0.119765625 0.7948047364568082 0.08312499999999999 0.08630400000000006
1 0.183125 0.8712899267935578 0.095 0.13696100000000014
1 0.2681640625 0.8544039267935579 0.08125000000000002 0.1360229999999999
1 0.3538671875 0.9055428960468522 0.116875 0.11350900000000004
1 0.3462109375 0.8024940922401171 0.07687500000000003 0.07129400000000001
1 0.444921875 0.8219396383601757 0.08999999999999997 0.10788000000000005
1 0.4613671875 0.7303494114202049 0.08437500000000003 0.1238270000000001
1 0.5278125 0.8331966383601757 0.078125 0.10788000000000005
1 0.5508984375 0.7253607979502196 0.09250000000000003 0.13320800000000008
1 0.6067578125 0.8202911537335286 0.073125 0.11726099999999993
1 0.754140625 0.6948156691068814 0.11499999999999999 0.13133200000000006
1 0.8121484375 0.6208468653001464 0.06125000000000003 0.08818000000000002
1 0.8494921875 0.6298159941434845 0.08562499999999995 0.09286999999999998
1 0.9551953125 0.6921590863836017 0.08812500000000001 0.16135099999999994
