2 0.186875 0.5756786691068814 0.09562499999999999 0.12945600000000002
2 0.1297265625 0.5174917306002929 0.09625 0.17635999999999996
2 0.141015625 0.4085412518301611 0.11499999999999999 0.09943699999999996
2 0.13374999999999998 0.671065055636896 0.09500000000000001 0.138837
2 0.191015625 0.7233263806734992 0.083125 0.10225099999999997
2 0.213984375 0.5128526076134701 0.075625 0.08442799999999995
2 0.2422265625 0.31571441142020495 0.0975 0.12476600000000002
2 0.25593750000000004 0.8008897672035139 0.11000000000000001 0.10975600000000016
2 0.2480859375 0.6969902825768667 0.076875 0.12288900000000014
2 0.281796875 0.44279422108345534 0.09062500000000001 0.07504700000000004
2 0.28859375 0.6499720248901903 0.0875 0.11538399999999993
2 0.3055859375 0.2926742825768668 0.07687499999999997 0.121952
2 0.3079296875 0.7348108960468521 0.06937500000000002 0.11163299999999991
2 0.3517578125 0.8357561844802343 0.135625 0.14071300000000003
2 0.327890625 0.5906003499267936 0.083125 0.076923
2 0.3598046875 0.35834028257686673 0.09999999999999998 0.12288999999999997
2 0.372421875 0.4373236383601757 0.08999999999999997 0.106004
2 0.3683984375 0.5205419633967789 0.06124999999999997 0.06941799999999997
2 0.4037890625 0.28208360761347 0.111875 0.082552
2 0.432578125 0.46267857686676434 0.06812500000000005 0.06097499999999997
2 0.4405078125 0.4168258345534407 0.073125 0.06566599999999999
2 0.4734375 0.8483198960468522 0.11000000000000004 0.11163199999999995
2 0.4915234375 0.30047789604685216 0.09249999999999997 0.11350799999999998
2 0.5207421875 0.37108834992679357 0.08499999999999996 0.07692299999999992
2 0.5439453125 0.7987593133235725 0.12 0.144465
2 0.56125 0.4241464787701318 0.06437499999999996 0.08161400000000002
2 0.59890625 0.3698257979502196 0.07125000000000004 0.13320799999999997
2 0.6235546875 0.6951574421669108 0.07000000000000006 0.14915599999999987
2 0.63453125 0.44700325183016104 0.07187500000000002 0.097561
2 0.64078125 0.5182972518301611 0.07062500000000005 0.097561
2 0.6934375 0.5677445768667643 0.078125 0.06003699999999999
2 0.7022265625 0.6595805402635432 0.09624999999999995 0.126642
2 0.7078125 0.4960818653001464 0.07937500000000008 0.08818000000000002
