2 0.5909765625 0.31973908638360177 0.12812500000000004 0.16322699999999998
2 0.0552734375 0.7618315402635433 0.06187499999999999 0.1266420000000001
2 0.10054687500000001 0.7879141844802343 0.09 0.14071300000000003
2 0.17093750000000002 0.7166461229868228 0.11125 0.09662199999999997
2 0.1812109375 0.8178448653001463 0.10749999999999998 0.09005599999999997
2 0.159453125 0.6557843806734993 0.03562499999999999 0.10225099999999997
2 0.26382812499999997 0.801073122986823 0.09812499999999999 0.0947469999999999
2 0.30890625 0.6976296691068814 0.10249999999999998 0.13133200000000006
2 0.382734375 0.7737107057101024 0.075625 0.06379000000000003
2 0.4096484375 0.6609044729136163 0.12312499999999998 0.17260800000000004
2 0.4612890625 0.772886963396779 0.08062499999999995 0.06754199999999994
2 0.5459375 0.7502587057101024 0.046875 0.06378999999999994
2 0.742421875 0.7020479941434846 0.05999999999999994 0.09193299999999997
