1 0.09734375 0.22973343171806165 0.024374999999999994 0.04417300000000002
1 0.1454296875 0.16270971806167403 0.03812500000000002 0.05451099999999995
1 0.3178515625 0.13909686049926578 0.03437499999999999 0.04793200000000003
1 0.351953125 0.142033718061674 0.03562500000000002 0.055451000000000014
1 0.3598828125 0.31890157415565346 0.04125000000000001 0.03853399999999998
1 0.3641796875 0.2932318604992658 0.03749999999999998 0.049812000000000016
1 0.3808984375 0.5323644317180616 0.029374999999999984 0.046053000000000024
1 0.38984375 0.5642025741556534 0.024375000000000036 0.040413000000000004
1 0.4176953125 0.5377697165932452 0.026874999999999982 0.03477399999999996
1 0.4248046875 0.05862143318649045 0.03812500000000002 0.06578900000000001
1 0.4330078125 0.15143171806167402 0.04250000000000004 0.05545099999999999
1 0.439140625 0.5271370029368576 0.020625000000000004 0.04229300000000001
1 0.4609765625 0.011747430249632892 0.034999999999999976 0.024436
1 0.4595703125 0.0456402892804699 0.026874999999999982 0.051691
1 0.464921875 0.5938660029368575 0.02812500000000001 0.04323299999999997
1 0.4895703125 0.3214268604992658 0.025624999999999953 0.04699300000000003
1 0.5159765625 0.33969543171806166 0.03500000000000003 0.04417300000000002
1 0.548046875 0.5710752878120411 0.028124999999999956 0.031015000000000008
1 0.56921875 0.4890145741556534 0.024375000000000036 0.040413000000000004
1 0.61390625 0.13275157562408224 0.040000000000000036 0.06015100000000001
1 0.623125 0.3980832892804699 0.03312499999999996 0.052632000000000026
1 0.6342578125 0.20564900440528633 0.04125000000000001 0.062029999999999995
1 0.6533203125 0.2701464317180617 0.02562500000000001 0.046053000000000024
1 0.681875 0.44296157415565346 0.03312499999999996 0.03853399999999998
1 0.7116796875 0.2730832892804699 0.03875000000000006 0.05169200000000002
1 0.76890625 0.33734486196769453 0.040000000000000036 0.06767000000000004
1 0.81625 0.2161638604992658 0.03187499999999999 0.04793299999999999
1 0.8428515625 0.42827614684287807 0.03374999999999995 0.05733100000000002
1 0.96 0.22473971806167403 0.03187499999999999 0.05357199999999999
1 0.9864453125 0.3890968604992658 0.02562500000000001 0.049812000000000016
