2 0.55834025 0.46604840469973896 0.16458899999999999 0.24666699999999997
2 0.4350645 0.5257441253263707 0.17207 0.21333300000000005
2 0.6975021875 0.6440469973890339 0.3042389999999999 0.3100000000000001
2 0.7608930625 0.36737999738903393 0.20698300000000003 0.31000000000000005
2 0.8337529375 0.25782386161879894 0.20199500000000004 0.33
2 0.8894873125 0.7843251671018278 0.214464 0.2833339999999999
2 0.897614375 0.45993874412532637 0.19950100000000004 0.19333399999999998
2 0.9113735 0.15471681201044388 0.17207000000000006 0.183334
2 0.9134318125 0.5589385404699738 0.16708199999999995 0.22666599999999998
2 0.9613198125 0.3103826083550914 0.07231900000000002 0.21666699999999994
2 0.963378125 0.93266318537859 0.06733100000000003 0.12666700000000003
