2 0.6861458333333333 0.7069921875 0.30750000000000005 0.14812499999999995
2 0.07161458333333333 0.3782421875 0.143333 0.11625000000000002
2 0.078125 0.492578125 0.156667 0.13
2 0.23083333333333333 0.3833984375 0.16916699999999996 0.09249999999999997
2 0.22817708333333334 0.244453125 0.09749999999999999 0.06812499999999999
2 0.31203125000000004 0.305390625 0.16583299999999992 0.08374999999999999
2 0.35125 0.70234375 0.188333 0.14874999999999994
2 0.3976045000000001 0.4530078125 0.173333 0.135
2 0.415208 0.1748046875 0.09583399999999997 0.03812499999999999
2 0.43723925 0.246328125 0.134167 0.06812499999999999
2 0.5761458333333334 0.468828125 0.18249999999999997 0.12937499999999996
2 0.5701041666666667 0.219921875 0.13249999999999992 0.06
2 0.7641666666666667 0.427890625 0.20999999999999996 0.08249999999999996
2 0.7393225833333332 0.198984375 0.11333400000000005 0.07500000000000001
2 0.8297395833333333 0.3389453125 0.17499999999999996 0.08875
2 0.8969274166666666 0.61484375 0.20250000000000012 0.11812499999999992
2 0.9286455 0.30859375 0.14083400000000004 0.08750000000000002
2 0.9602604166666667 0.4462109375 0.07666700000000004 0.10749999999999998
