2 0.060546875 0.8513898235294117 0.121875 0.2947269999999999
2 0.1103515625 0.25882352941176473 0.221875 0.519774
2 0.1129296875 0.5950258823529412 0.22625 0.33050899999999994
2 0.20710937499999998 0.8522156470588236 0.324375 0.29095999999999994
2 0.189609375 0.33356270588235293 0.23187500000000003 0.275895
2 0.2788671875 0.11276958823529411 0.17812499999999998 0.20339
2 0.3318359375 0.6009082352941176 0.23312499999999997 0.34180800000000006
2 0.3955859375 0.32249605882352944 0.2025 0.287194
2 0.48703125 0.8784760588235293 0.28937499999999994 0.238229
2 0.44375 0.13313705882352941 0.15625 0.185499
2 0.5478125 0.5854182352941176 0.23625000000000002 0.391714
2 0.5875 0.32997676470588233 0.188125 0.258945
2 0.6132421875 0.14443605882352942 0.17937499999999995 0.187382
2 0.7671875 0.8776502352941176 0.266875 0.241996
2 0.7928515625 0.612905294117647 0.25312500000000004 0.37853100000000006
2 0.790703125 0.34114900000000004 0.1931250000000001 0.30131800000000003
2 0.7984375 0.15309111764705882 0.17312499999999997 0.173258
2 0.9455859375 0.11929770588235293 0.10750000000000004 0.225989
2 0.94828125 0.3496984705882353 0.10187500000000005 0.23352100000000003
2 0.9521484375 0.6147475882352942 0.09187500000000004 0.30508500000000005
2 0.9526953125 0.9446551764705883 0.0893750000000001 0.10734399999999984
2 0.9537890625 0.8278302941176472 0.08062500000000006 0.127119
2 0.9497265625 0.8884011176470588 0.06562500000000004 0.07156299999999995
2 0.9744140625 0.9836328823529412 0.04937500000000006 0.030130999999999918
2 0.9909375 0.9142375294117647 0.016249999999999987 0.06968000000000012
