2 0.0390625 0.745 0.078125 0.25
2 0.0439453125 0.5098958333333333 0.08875 0.24499999999999997
2 0.0546875 0.9578645833333334 0.110625 0.08166700000000009
2 0.4990234375 0.4986979166666667 0.999375 0.999167
2 0.039609375 0.13005241666666667 0.075 0.2325
2 0.0606640625 0.22182291666666665 0.11249999999999999 0.155
2 0.068203125 0.06510416666666667 0.09812499999999999 0.131667
2 0.10960937500000001 0.8161458333333332 0.136875 0.1825000000000001
2 0.12800781249999998 0.120208 0.105 0.21916700000000003
2 0.13957031250000002 0.35328125 0.120625 0.22750000000000004
2 0.16355468750000002 0.46104133333333336 0.16312500000000002 0.135834
2 0.2001953125 0.05078125 0.11937500000000001 0.1025
2 0.1895703125 0.9810940833333334 0.05687500000000001 0.034999999999999996
2 0.2330078125 0.2511979166666667 0.13562500000000002 0.12416699999999996
2 0.2576953125 0.68651075 0.18312499999999998 0.1808330000000001
2 0.2335546875 0.14489583333333333 0.10062499999999999 0.12083300000000001
2 0.27839843750000004 0.8721350833333332 0.18625 0.25333400000000017
2 0.3010546875 0.34302083333333333 0.16374999999999998 0.15333300000000002
2 0.2930859375 0.48505208333333333 0.13937499999999997 0.19083300000000003
2 0.2867578125 0.045572916666666664 0.07250000000000001 0.091667
2 0.30671875 0.17989549999999999 0.08750000000000002 0.205
2 0.38953125 0.6051045 0.164375 0.17333299999999996
2 0.36859375 0.04296875 0.1175 0.086667
2 0.388828125 0.12166700000000001 0.09812499999999996 0.12749999999999997
2 0.39046875 0.2915625 0.08687500000000004 0.205
2 0.4455078125 0.8569270833333333 0.16687500000000005 0.28416700000000006
2 0.435234375 0.46562466666666663 0.138125 0.11583400000000006
2 0.4594921875 0.04296875 0.08499999999999996 0.086667
2 0.4820703125 0.28911458333333334 0.08875 0.14333300000000004
2 0.4947265625 0.128333 0.09687499999999993 0.125834
2 0.5113671875 0.632292 0.11624999999999996 0.2825
2 0.524453125 0.38765591666666666 0.13062499999999994 0.155
2 0.5371484375 0.041666666666666664 0.09249999999999997 0.085
2 0.562890625 0.09937533333333333 0.11375000000000002 0.13749999999999998
2 0.56921875 0.25880241666666665 0.11875000000000002 0.17083299999999998
2 0.57109375 0.8792184166666667 0.11750000000000005 0.2341670000000001
2 0.584375 0.5093753333333333 0.09562500000000007 0.135833
2 0.6251953125 0.7067190833333333 0.11937500000000001 0.19166600000000003
2 0.6525390625 0.3777600833333334 0.17562499999999992 0.15999999999999992
2 0.631875 0.045572916666666664 0.09562500000000007 0.093333
2 0.6509765625 0.15786491666666666 0.09687499999999993 0.1225
2 0.66859375 0.23447916666666666 0.11750000000000005 0.22583300000000003
2 0.682109375 0.5007809166666667 0.13687499999999997 0.186667
2 0.682890625 0.9021871666666668 0.11375000000000002 0.19333399999999998
2 0.725546875 0.08656283333333332 0.09062499999999996 0.121666
2 0.7659765625 0.64692675 0.12812499999999993 0.24250000000000002
2 0.75734375 0.03125 0.08687500000000004 0.0625
2 0.8019140625 0.86140625 0.17562500000000003 0.2583329999999999
2 0.79 0.26296875000000003 0.12624999999999997 0.21333300000000002
2 0.8436328125 0.032552083333333336 0.104375 0.0675
2 0.850625 0.41177116666666663 0.09562500000000007 0.13250000000000006
2 0.8698046875 0.7419788333333334 0.13187500000000008 0.18416699999999997
2 0.90234375 0.5814583333333333 0.18062500000000004 0.19999999999999996
2 0.898359375 0.15546841666666666 0.16875000000000007 0.17
2 0.9305078125 0.41588508333333335 0.13624999999999998 0.19083399999999995
2 0.9371484375 0.8238020833333334 0.12375000000000003 0.25333299999999986
2 0.9383203125 0.3275524166666666 0.12062499999999998 0.10833300000000001
2 0.96390625 0.5418746666666666 0.07062500000000005 0.179167
2 0.9755859375 0.0390625 0.04625000000000001 0.078333
2 0.97953125 0.25567741666666666 0.03937500000000005 0.13916599999999998
