2 0.6908984375 0.15338575000000002 0.21750000000000003 0.275
2 0.0390625 0.8671875 0.07875 0.23583299999999996
2 0.041015625 0.37296875 0.0825 0.213333
2 0.052734375 0.9626562499999999 0.10625 0.07166700000000015
2 0.1064453125 0.6563020833333334 0.213125 0.37999999999999995
2 0.1220703125 0.13411458333333334 0.244375 0.269167
2 0.146484375 0.3155725833333333 0.23125 0.3
2 0.2877734375 0.7631770833333333 0.405625 0.47166700000000006
2 0.3649609375 0.27630208333333334 0.42125 0.504167
2 0.2653125 0.09635416666666667 0.14250000000000002 0.193333
2 0.3726953125 0.5866666666666667 0.244375 0.21000000000000005
2 0.4290234375 0.06380208333333333 0.24812499999999998 0.13
2 0.5053515625 0.8504684166666667 0.18999999999999995 0.295834
2 0.5530078125 0.16130241666666667 0.135625 0.29500000000000004
2 0.6057812499999999 0.4421875 0.22812499999999997 0.36000000000000004
2 0.6625390625 0.6970315833333333 0.331875 0.5808330000000002
2 0.77375 0.7735934166666666 0.25187499999999996 0.4508340000000001
2 0.7940625 0.28416633333333335 0.20375 0.29250000000000004
2 0.8728515625 0.4572399166666667 0.25250000000000006 0.46833300000000005
2 0.8806640625 0.17578125 0.23687500000000006 0.35333299999999995
2 0.9431640625 0.8208850833333333 0.11187500000000006 0.3158340000000001
