1 0.0955546875 0.24873958333333335 0.038000000000000006 0.05200000000000001
1 0.1896484375 0.62353125 0.031 0.04133300000000014
1 0.239578125 0.3220416666666666 0.036000000000000004 0.05466700000000002
1 0.270859375 0.5358125 0.013000000000000012 0.01733299999999997
1 0.3448125 0.5437496666666667 0.01599999999999996 0.022667000000000066
1 0.3976015625 0.27953125 0.034999999999999976 0.04133299999999999
1 0.4016953125 0.24483333333333335 0.025999999999999968 0.042666999999999976
1 0.45071875 0.386292 0.025000000000000022 0.03333300000000006
1 0.4575546875 0.20083333333333334 0.03899999999999998 0.04266700000000001
1 0.457578125 0.4849899166666667 0.035999999999999976 0.03066600000000001
1 0.465578125 0.3434065833333333 0.035999999999999976 0.052000000000000046
1 0.4948359375 0.38877049999999996 0.014000000000000012 0.04933399999999999
1 0.5116953125 0.32750033333333334 0.027000000000000024 0.04266599999999995
1 0.562765625 0.2900725833333333 0.020999999999999908 0.05200000000000001
1 0.6106015625 0.5114065833333333 0.03400000000000003 0.05199999999999997
1 0.6256484375 0.38626008333333334 0.030000000000000027 0.03466700000000008
1 0.6296015625 0.3461045 0.03500000000000003 0.04800000000000004
1 0.6347890625 0.6729270833333333 0.018000000000000016 0.035999999999999886
1 0.65571875 0.4687395833333334 0.025000000000000022 0.05199999999999997
1 0.6758125 0.675625 0.016000000000000014 0.03199999999999988
1 0.686765625 0.7396559166666666 0.019999999999999907 0.030666999999999927
