0 0.23359375 0.08333333333333333 0.15000000000000002 0.16916699999999998
0 0.015625 0.020833333333333332 0.03125 0.041667
0 0.1413671875 0.088958 0.08437499999999999 0.15666700000000003
0 0.16804687499999998 0.2718753333333333 0.12125000000000001 0.135833
0 0.236328125 0.19578091666666667 0.09937499999999999 0.06000000000000002
0 0.34296875 0.3571350833333333 0.08625 0.12916700000000003
0 0.4374609375 0.36437533333333333 0.10875000000000001 0.13750000000000004
0 0.441640625 0.9674479166666666 0.08374999999999999 0.06166700000000006
0 0.495 0.17348958333333334 0.09562499999999996 0.11250000000000003
0 0.533046875 0.2030729166666667 0.059374999999999956 0.09249999999999999
0 0.6155859375 0.9345315833333334 0.04625000000000001 0.08083299999999986
0 0.8061328125 0.6161461666666667 0.385625 0.47416600000000003
0 0.7506640625 0.11088575 0.11250000000000004 0.15
0 0.95609375 0.029947916666666668 0.08625000000000005 0.060833
0 0.9768359375 0.30994758333333333 0.04500000000000004 0.14416700000000002
