0 0.685598625 0.7055872812105927 0.14583400000000002 0.16899899999999993
0 0.514167 0.12105607692307692 0.126666 0.155006
0 0.625833 0.5284991790668349 0.125 0.163617
0 0.7925 0.6354040428751576 0.12583299999999997 0.15177600000000005
0 0.799713875 0.8729561790668348 0.12166599999999994 0.163617
0 0.848879875 0.44127797477931907 0.12250000000000005 0.14746999999999993
0 0.866667 0.19926600882723833 0.12666600000000006 0.1507
0 0.8895703125 0.7778611109709962 0.12083300000000008 0.15823500000000004
0 0.91776075 0.9490723278688525 0.11833300000000002 0.099032
0 0.93692675 0.5747549747793191 0.11833399999999994 0.14747000000000002
