2 0.380625 0.16126651824817517 0.03125 0.050467000000000026
2 0.4103515625 0.08959695620437956 0.03500000000000003 0.04112100000000002
2 0.411875 0.17353122627737227 0.03125 0.05794399999999999
2 0.437421875 0.18761124817518252 0.02749999999999997 0.037384
2 0.4396484375 0.05863924817518248 0.030000000000000027 0.03551499999999999
2 0.4491015625 0.09765983211678832 0.03375 0.02429900000000001
2 0.4574609375 0.020437956204379562 0.044999999999999984 0.041121
2 0.4521484375 0.16039254014598542 0.030000000000000027 0.031776
2 0.4623046875 0.0555428102189781 0.03875000000000001 0.04486
2 0.46828125 0.19094110218978103 0.040000000000000036 0.039251999999999995
2 0.4873046875 0.057589540145985406 0.03749999999999998 0.029906000000000002
2 0.4889453125 0.1689202481751825 0.02624999999999994 0.03738299999999998
2 0.4958984375 0.20297439416058397 0.031249999999999944 0.033644999999999974
2 0.49421875 0.020437956204379562 0.023749999999999993 0.042991
2 0.5153515625 0.17616483211678832 0.03499999999999992 0.02429899999999999
2 0.514921875 0.06214583211678831 0.028750000000000053 0.026168999999999998
2 0.5280078125 0.19240095620437958 0.04125000000000001 0.04299
2 0.5239453125 0.044095394160583945 0.026249999999999996 0.033644999999999994
2 0.53296875 0.16494983211678832 0.02375000000000005 0.02429900000000001
2 0.5416015625 0.10828795620437956 0.03374999999999995 0.042991
2 0.5480078125 0.06196910218978102 0.04125000000000001 0.039251999999999995
2 0.552578125 0.03457266423357664 0.036250000000000004 0.048598
2 0.569375 0.19240095620437958 0.032500000000000084 0.04299
2 0.57046875 0.22271610218978102 0.02375000000000005 0.039253
2 0.5887109375 0.05454678832116788 0.04625000000000001 0.06542
2 0.5953515625 0.21669995620437957 0.03500000000000003 0.04112100000000002
2 0.598125 0.014598540145985401 0.03125 0.031776
2 0.623125 0.18673827007299268 0.03125 0.01682300000000001
2 0.629375 0.2249952481751825 0.03249999999999997 0.035514
2 0.6343359375 0.13522056204379562 0.015000000000000013 0.009346000000000005
2 0.6673046875 0.2156492481751825 0.03749999999999998 0.03738299999999998
2 0.684921875 0.14520812408759123 0.028749999999999942 0.018691000000000006
2 0.7066015625 0.22481751824817517 0.03500000000000003 0.050467000000000005
2 0.7128125 0.15204356204379563 0.016249999999999987 0.011215000000000006
2 0.7230859375 0.2127295401459854 0.013749999999999929 0.031776
2 0.7491015625 0.15168810218978102 0.03374999999999995 0.039253
