2 0.5806056470588236 0.81828125 0.33992399999999995 0.16437500000000005
2 0.3019495294117647 0.6342578125 0.31920899999999996 0.13624999999999998
2 0.3022457647058823 0.7336328125 0.31167599999999995 0.229375
2 0.5055692352941177 0.1733203125 0.592279 0.27625
2 0.5040595882352941 0.5851171875 0.254238 0.11625000000000008
2 0.5646509411764706 0.4604296875 0.365348 0.16249999999999998
2 0.512947 0.349453125 0.25235399999999997 0.12937500000000002
2 0.5252634705882353 0.6817578125 0.182674 0.10375000000000001
2 0.6647919411764706 0.6246875 0.21657200000000007 0.140625
2 0.6720915882352941 0.3912109375 0.20339000000000002 0.07687499999999997
2 0.7270435294117646 0.7605859375 0.27024500000000007 0.14
2 0.7453062352941177 0.356796875 0.19303200000000006 0.06
2 0.7879638823529413 0.50140625 0.231638 0.133125
2 0.792143294117647 0.66703125 0.22881300000000004 0.10250000000000004
2 0.8564695294117648 0.415703125 0.21939699999999998 0.09875
