0 0.31140625 0.4920315833333333 0.03999999999999998 0.080833
0 0.3687890625 0.5566663333333334 0.08187500000000003 0.04249999999999998
0 0.3399609375 0.52755175 0.014374999999999971 0.02416700000000005
0 0.4062890625 0.45119825 0.019374999999999976 0.03916599999999996
0 0.4244140625 0.46557325 0.019374999999999976 0.008332999999999998
0 0.4259375 0.44624966666666666 0.016874999999999973 0.022499999999999964
0 0.4501171875 0.45369825 0.023125000000000007 0.03916599999999996
0 0.4732421875 0.45479200000000003 0.021874999999999978 0.03249999999999997
0 0.5429296875 0.4448434166666666 0.03749999999999998 0.013334000000000032
0 0.6999609375 0.4546878333333333 0.014375000000000027 0.027500000000000007
