1 0.39125 0.700513767203514 0.0625 0.10975699999999997
1 0.451953125 0.6311658653001465 0.06687499999999996 0.08817999999999994
1 0.4641015625 0.7038808345534407 0.06624999999999998 0.06566599999999999
1 0.5169140624999999 0.7559750248901904 0.080625 0.1153849999999999
1 0.5231250000000001 0.9651949633967789 0.06437500000000002 0.06754199999999994
1 0.5982421875 0.9367284114202049 0.08562499999999995 0.12382700000000002
1 0.661171875 0.48592028257686676 0.09000000000000008 0.12101299999999993
1 0.674140625 0.6696009267935578 0.083125 0.135085
1 0.8196484375 0.8312505402635432 0.061249999999999916 0.12664100000000003
1 0.895703125 0.7549409882869692 0.1293749999999999 0.18292699999999984
