2 0.7308203125 0.6301528366013072 0.181875 0.192469
2 0.0302734375 0.8019960718954248 0.061875 0.333892
2 0.044921875 0.2717473071895425 0.090625 0.07531400000000002
2 0.08296875000000001 0.22660901307189543 0.08625 0.09790799999999997
2 0.2701171875 0.8892497320261439 0.30374999999999996 0.2184099999999999
2 0.1852734375 0.6513412352941176 0.06125 0.1414230000000001
2 0.308046875 0.2163045816993464 0.12187500000000001 0.10543899999999999
2 0.274140625 0.12546235947712417 0.05124999999999999 0.06025200000000003
2 0.35234375 0.035715601307189544 0.08749999999999997 0.051883
2 0.3925 0.18873828758169936 0.12687499999999996 0.13054400000000002
2 0.436875 0.04429135947712419 0.09437499999999999 0.061925
2 0.459453125 0.1461696339869281 0.09812500000000002 0.092887
2 0.50546875 0.8410427712418301 0.14937499999999992 0.10878599999999994
2 0.486796875 0.2078868758169935 0.08999999999999997 0.08117199999999998
2 0.5354687499999999 0.9218419934640523 0.18124999999999997 0.15313800000000002
2 0.5420703124999999 0.623568183006536 0.08875000000000005 0.1548109999999999
2 0.6421484375 0.7448952483660131 0.18562500000000004 0.23933100000000007
2 0.6666796875 0.9412530130718954 0.10125000000000006 0.09790800000000004
2 0.78125 0.8523203856209152 0.21999999999999997 0.25522999999999985
2 0.8027734375 0.05323392810457517 0.09250000000000003 0.069456
2 0.821171875 0.20600511764705884 0.12124999999999997 0.07112999999999998
2 0.8564453125 0.6996197712418301 0.12062499999999998 0.10878700000000009
2 0.8959765625 0.15809339215686274 0.09624999999999995 0.10209199999999999
2 0.9311328125 0.8720435424836602 0.135625 0.21589899999999984
2 0.9551953125 0.1683978235294118 0.08812500000000001 0.09456099999999999
2 0.9586328125 0.4967369934640523 0.07374999999999998 0.15313899999999994
