2 0.0599609375 0.32244825 0.108125 0.10166599999999999
2 0.06984375 0.41890591666666666 0.08750000000000001 0.09166700000000001
2 0.20171875 0.7113538333333334 0.18125000000000002 0.15333399999999994
2 0.22375 0.09203125000000001 0.09375 0.16416699999999998
2 0.239609375 0.15895800000000002 0.10625000000000001 0.15833399999999997
2 0.31640625 0.49739549999999993 0.101875 0.205
2 0.3637890625 0.8938538333333333 0.08125000000000004 0.15166700000000008
2 0.374140625 0.4858854166666666 0.08250000000000002 0.2341670000000001
2 0.3983984375 0.8132291666666668 0.09250000000000003 0.161667
2 0.5040234375 0.23854166666666665 0.12312500000000004 0.179167
2 0.6017578125 0.6087496666666666 0.073125 0.14833399999999997
2 0.7958984375 0.40578125 0.06187500000000001 0.10333299999999997
2 0.8115234375 0.7102083333333332 0.06187500000000001 0.13583300000000018
2 0.850390625 0.7321878333333333 0.08250000000000002 0.15166599999999994
2 0.8563671875 0.3765625000000001 0.05312500000000009 0.07916699999999999
