2 0.1042498125 0.42225775 0.16666699999999998 0.150327
2 0.0263671875 0.04296875 0.053922 0.086601
2 0.02734375 0.5677403125 0.055556 0.11928099999999997
2 0.1498351875 0.02734375 0.08496700000000001 0.055556
2 0.201069875 0.3259103125 0.12254899999999996 0.11928099999999997
2 0.250446375 0.0595703125 0.10621000000000003 0.119281
2 0.365182875 0.09816725 0.08987 0.10294099999999999
2 0.527943625 0.12466775 0.08333299999999999 0.08660200000000001
2 0.6469055 0.134790875 0.07843199999999995 0.091504
2 0.700635625 0.944891375 0.17647100000000004 0.106209
2 0.8137189375 0.7824305625 0.16993499999999995 0.12745099999999998
2 0.7740181875 0.17041975 0.08496700000000001 0.08660099999999998
2 0.883361875 0.6297939375 0.153594 0.14052200000000004
2 0.913845375 0.196525375 0.106209 0.106209
2 0.9255833125 0.510531125 0.11928099999999997 0.13071900000000003
