0 0.2887334375 0.6105678774445893 0.186532 0.26504900000000003
0 0.0107421875 0.38828729595827904 0.022896 0.15363900000000005
0 0.0537109375 0.804989629726206 0.108418 0.24348600000000006
0 0.068359375 0.5870998200782269 0.138047 0.21743000000000004
0 0.0927033125 0.38848379139504563 0.151516 0.19317100000000004
0 0.460039625 0.587542707953064 0.5838380000000001 0.671159
0 0.8701459375 0.35169982007822687 0.17037099999999994 0.21742999999999996
0 0.895836875 0.5596181916558018 0.18383899999999997 0.249776
0 0.9083283125 0.7926405345501956 0.18181899999999995 0.25606400000000007
0 0.9774098125 0.3415869152542373 0.042424999999999935 0.20575
