1 0.4595766875 0.6753438122270743 0.007707999999999993 0.011494000000000039
1 0.4807978125 0.6208780407569142 0.011561000000000043 0.031608999999999964
1 0.51364575 0.5417982285298398 0.02504799999999996 0.022989000000000037
1 0.52231575 0.5676984366812227 0.024085000000000023 0.028735000000000014
1 0.527106625 0.5691354366812227 0.021194999999999964 0.02729800000000004
1 0.550227625 0.6481202285298399 0.020232000000000028 0.021552000000000064
1 0.6109351875 0.6510314366812228 0.02215800000000001 0.027299
1 0.6234059375 0.4974090611353712 0.015415000000000068 0.044539999999999975
1 0.6629581875 0.5246326448326055 0.023120999999999947 0.03448200000000003
1 0.6899070625 0.4729272489082969 0.019267000000000034 0.03735600000000006
1 0.6908700625 0.5289798529839883 0.018303999999999987 0.038793999999999995
1 0.7053210625 0.4814346244541485 0.019267999999999952 0.020115000000000004
1 0.8642539375 0.619347020378457 0.014450999999999992 0.01724100000000006
