2 0.0263671875 0.5957905402635432 0.054375 0.126642
2 0.0536328125 0.7893695959004391 0.10375 0.26360300000000003
2 0.052226562500000004 0.6246612459736457 0.096875 0.18855500000000003
2 0.1185546875 0.6072318960468521 0.03875000000000001 0.11350800000000007
2 0.1781640625 0.9296352825768667 0.14437499999999998 0.12101300000000018
2 0.1970703125 0.6921072093704246 0.15187499999999998 0.2551590000000001
2 0.30964843750000004 0.9254013133235724 0.185625 0.145403
2 0.33453125 0.7304107920937043 0.16562500000000002 0.22514099999999998
2 0.4344140625 0.8472771420204979 0.143125 0.30112599999999995
2 0.418046875 0.7099389267935579 0.09125 0.1360229999999999
2 0.5478125 0.7465239267935578 0.04749999999999999 0.1360229999999999
2 0.6119140625 0.6660073440702782 0.11312500000000003 0.16979299999999997
2 0.6170703125 0.8584986998535871 0.08937499999999998 0.153846
2 0.6791796875 0.8029673440702781 0.10124999999999995 0.16885599999999998
2 0.7154296875 0.6283690863836018 0.13187499999999996 0.16135099999999986
2 0.7738671875 0.8692295710102489 0.08562499999999995 0.15009399999999992
2 0.8362890625 0.7425174729136164 0.11249999999999993 0.17167
