2 0.3890625 0.6057288333333334 0.109375 0.18333400000000002
2 0.321484375 0.2817711666666667 0.45 0.3187499999999999
2 0.29296924999999996 0.61953125 0.103125 0.16458300000000006
2 0.3185551875 0.7151038333333334 0.11562499999999998 0.15208400000000002
2 0.4306645625 0.7638020833333332 0.128125 0.19166700000000012
2 0.49453125 0.5382812499999999 0.13437500000000002 0.164583
2 0.5123046875 0.6609378333333332 0.10156199999999993 0.1520830000000002
2 0.5912109375 0.772917 0.13906200000000002 0.18958300000000014
2 0.58046925 0.46796875 0.103124 0.15
2 0.6474614375 0.6203125 0.12343700000000002 0.20416700000000007
2 0.6369145625 0.5223958333333334 0.09687500000000004 0.1208329999999999
2 0.7478510625 0.6872395833333332 0.11250099999999996 0.17708299999999996
2 0.7576166875 0.5320309166666667 0.131251 0.18541700000000003
2 0.831640125 0.6203121666666668 0.09843800000000003 0.16249999999999995
2 0.8755854375 0.780208 0.12343800000000005 0.15625
2 0.887890625 0.6789059166666668 0.114062 0.15416699999999986
2 0.951563 0.6033854166666667 0.09375 0.17083299999999993
