2 0.7338671875 0.8789586666666667 0.20937499999999998 0.240833
2 0.1162109375 0.4895315833333333 0.233125 0.33249999999999996
2 0.1355859375 0.8436458333333333 0.139375 0.30916700000000014
2 0.19246093749999998 0.7209895833333334 0.13937500000000003 0.3633330000000001
2 0.2549609375 0.30296875 0.265 0.21166699999999997
2 0.3523046875 0.8692711666666666 0.32000000000000006 0.2575000000000001
2 0.4944140625 0.7430725833333334 0.30000000000000004 0.30166699999999996
2 0.5381640624999999 0.20984375 0.20687499999999998 0.18083300000000002
2 0.6464453125 0.43765625 0.12 0.196667
2 0.7914453125 0.4990625 0.1818749999999999 0.32916699999999993
2 0.907421875 0.81442675 0.15312499999999996 0.3683340000000001
