1 0.04656216666666666 0.7325 0.036667 0.03249999999999997
1 0.07536425000000001 0.710703125 0.040834 0.03562500000000002
1 0.0769795 0.7521484375 0.016666000000000004 0.030624999999999902
1 0.08708366666666667 0.8919921875 0.022500000000000003 0.021874999999999978
1 0.10843716666666665 0.7473828125 0.006667000000000016 0.010624999999999996
1 0.16208366666666665 0.7748828125 0.022500000000000003 0.04125000000000001
1 0.17255175 0.8734375 0.024999999999999984 0.016874999999999973
1 0.2816663333333333 0.3292578125 0.04333400000000002 0.04124999999999995
1 0.2884899166666666 0.783515625 0.030000000000000027 0.05124999999999991
1 0.298958 0.521328125 0.03249999999999997 0.03562500000000002
1 0.32250033333333333 0.4761328125 0.043332999999999955 0.04249999999999998
1 0.32369825 0.9325 0.040832999999999973 0.03249999999999997
1 0.3473961666666667 0.365703125 0.03666600000000001 0.03562499999999996
1 0.3669270833333333 0.4484765625 0.03583300000000008 0.03375
1 0.38406216666666665 0.831953125 0.038334000000000014 0.03562500000000002
1 0.39088575 0.7914453125 0.02500000000000006 0.026874999999999982
1 0.39869825 0.7144921875 0.039166000000000034 0.05437500000000006
1 0.408958 0.4634765625 0.031666999999999966 0.03437499999999999
1 0.4118229166666667 0.81234375 0.029999999999999954 0.023749999999999938
1 0.4391666666666667 0.2758984375 0.08416699999999995 0.06125
1 0.4430725833333333 0.412109375 0.050000000000000044 0.044375
1 0.44453125 0.7117578125 0.04083300000000004 0.04125000000000001
1 0.47723958333333333 0.5746484375 0.04999999999999997 0.030624999999999902
1 0.5193746666666667 0.2328125 0.054167 0.016875
1 0.5088538333333333 0.9503515625 0.026666999999999923 0.034375000000000044
1 0.5367705 0.6073046875 0.04833400000000002 0.03749999999999998
1 0.5590621666666666 0.9660546875 0.036667000000000005 0.03749999999999998
1 0.56286425 0.7016796875 0.04083400000000011 0.03875000000000006
1 0.6469788333333334 0.394375 0.05916699999999989 0.03250000000000003
1 0.6508333333333334 0.5590234375 0.04333299999999992 0.030624999999999902
1 0.6416145833333333 0.7640234375 0.020000000000000018 0.02937500000000004
1 0.6666149166666666 0.5786328125 0.061666000000000075 0.04249999999999998
1 0.7325003333333333 0.5077343750000001 0.043333000000000066 0.043125000000000024
1 0.75484375 0.32328125 0.055000000000000014 0.03937499999999999
1 0.845417 0.8279296875 0.06416600000000001 0.03750000000000009
1 0.85067675 0.5403125 0.055000000000000014 0.04812499999999997
1 0.8794270833333334 0.617109375 0.03583299999999993 0.04437500000000005
1 0.8976562500000002 0.3506640625 0.07249999999999994 0.049375
1 0.9191145833333333 0.6339453125 0.0208330000000001 0.02562500000000001
1 0.9441663333333333 0.2839453125 0.041667000000000044 0.02562500000000001
1 0.9519788333333333 0.3233984375 0.05749999999999996 0.06187499999999996
1 0.9477600833333334 0.87921875 0.03416699999999991 0.023749999999999938
1 0.9686458333333333 0.785390625 0.059167000000000115 0.05125000000000002
1 0.9846878333333332 0.3046875 0.027500000000000153 0.04812499999999997
1 0.9927083333333334 0.7933984375 0.011666999999999947 0.030624999999999902
