0 0.36086364896755163 0.6720703125 0.17469300000000001 0.12
0 0.045722713864306784 0.5648828125 0.091596 0.104375
0 0.05752212389380531 0.8148828125 0.11709200000000002 0.16749999999999998
0 0.22566371681415928 0.3353125 0.45231399999999994 0.109375
0 0.29793510324483774 0.40703125 0.596789 0.16562499999999997
0 0.16367065781710913 0.7559375 0.255902 0.14187499999999997
0 0.10781200884955752 0.5515234375 0.08026400000000002 0.06187500000000001
0 0.18051382890855458 0.5157031249999999 0.129367 0.06812500000000005
0 0.16169852507374632 0.2990234375 0.05949 0.030625000000000013
0 0.2164675250737463 0.2912890625 0.05949000000000002 0.018750000000000044
0 0.2850951238938053 0.488359375 0.11614700000000006 0.075625
0 0.3917827640117994 0.9740625 0.21152100000000004 0.04874999999999996
0 0.376168377581121 0.2645703125 0.06704499999999997 0.026874999999999982
0 0.48746116519174043 0.6260546875 0.15486300000000003 0.10062499999999996
0 0.5581489528023599 0.9233203125 0.24268200000000006 0.15125
0 0.5620683451327434 0.4173828125 0.10859300000000001 0.07375000000000004
0 0.6911217640117994 0.8514453125 0.20963199999999999 0.15187499999999998
0 0.6604537138643068 0.386640625 0.09348400000000003 0.05249999999999999
0 0.8109587079646017 0.488671875 0.373938 0.18437500000000007
0 0.7256097138643068 0.3653125 0.09254 0.04812500000000003
0 0.7713324277286135 0.789765625 0.18319099999999996 0.11499999999999999
0 0.7766632300884955 0.290390625 0.07271000000000005 0.020625000000000004
0 0.8342478702064896 0.740390625 0.16525100000000012 0.114375
0 0.8910390825958703 0.301171875 0.07743200000000008 0.027500000000000024
0 0.9489916401179941 0.6417578125 0.09726199999999996 0.104375
