1 0.4084375 0.4172449738903395 0.07937499999999997 0.08354199999999995
1 0.0383203125 0.6392064229765013 0.058125 0.08939100000000005
1 0.08863281249999999 0.6075653890339425 0.07375000000000001 0.09607399999999995
1 0.1651171875 0.2800270417754569 0.05437499999999998 0.07268100000000002
1 0.195546875 0.2411275587467363 0.06 0.06934
1 0.1967578125 0.34863327937336813 0.04250000000000001 0.03592399999999997
1 0.2331640625 0.5851649738903395 0.04999999999999999 0.08270700000000002
1 0.5881640625 0.3035212793733682 0.01937500000000003 0.03425199999999996
1 0.619140625 0.30331134725848563 0.020625000000000004 0.025898000000000018
1 0.6345703125 0.2896837963446475 0.026249999999999996 0.03174599999999998
1 0.7044140625 0.17444914360313316 0.04937499999999995 0.05680899999999998
1 0.7117578125 0.5573843133159269 0.010624999999999996 0.03091100000000005
1 0.730625 0.21971772845953005 0.03312500000000007 0.04427799999999995
1 0.72921875 0.5819768302872063 0.024374999999999925 0.027568999999999955
1 0.7653125 0.5875642793733682 0.015625 0.03592300000000001
1 0.7682421875 0.5547733472584856 0.023125000000000062 0.025898000000000095
1 0.7798046875 0.7082307963446475 0.03749999999999998 0.03174600000000006
1 0.781171875 0.22937821148825066 0.028750000000000053 0.04678300000000005
1 0.78734375 0.6519962454308094 0.024375000000000036 0.041770999999999975
1 0.7876171875 0.6134622793733682 0.021874999999999978 0.03592300000000001
1 0.7997265625 0.5074682454308094 0.03500000000000003 0.04177100000000012
1 0.796640625 0.4609457963446475 0.020625000000000004 0.03258099999999999
1 0.7988671875 0.6754932114882506 0.02187500000000009 0.046784000000000076
1 0.823671875 0.45306127937336815 0.02749999999999997 0.035088
1 0.8358203125 0.4963476945169713 0.026874999999999982 0.04929000000000002
1 0.853125 0.4608941775456919 0.03187499999999999 0.05012599999999995
1 0.8706640625 0.49947976240208874 0.018125000000000058 0.03759399999999995
1 0.885546875 0.4724852114882507 0.02750000000000008 0.045949
1 0.8858203125 0.5356126945169712 0.026249999999999996 0.04845400000000002
1 0.9265625 0.45833483028720623 0.016250000000000098 0.02756900000000003
1 0.9307421875 0.4839722793733681 0.021874999999999978 0.035088
1 0.938125 0.13774176240208877 0.03187499999999999 0.03759400000000002
1 0.9620703125 0.20588124543080938 0.026874999999999982 0.04177100000000001
1 0.9659765625 0.08390924543080941 0.03500000000000003 0.04093599999999999
1 0.9846484375 0.37260072845953 0.02937500000000004 0.04344199999999998
1 0.9851953125 0.23214476240208878 0.026874999999999982 0.03675899999999998
