2 0.7222265625 0.48838575 0.09750000000000003 0.1491659999999999
2 0.06 0.08151075 0.063125 0.05499999999999999
2 0.109921875 0.04583366666666666 0.09 0.084166
2 0.1175390625 0.13208333333333333 0.08125 0.106667
2 0.133203125 0.3169788333333334 0.09937499999999999 0.05916699999999997
2 0.1694140625 0.382083 0.049375 0.063334
2 0.21484375 0.018229166666666668 0.05562500000000001 0.036667
2 0.255234375 0.26901075 0.07500000000000001 0.05666600000000003
2 0.2568359375 0.4692190833333334 0.07624999999999998 0.06666599999999996
2 0.255 0.12682325 0.06312499999999999 0.07083300000000002
2 0.2755078125 0.08109341666666667 0.073125 0.07583399999999998
2 0.3078515625 0.3889583333333333 0.09687499999999999 0.07416700000000002
2 0.3113671875 0.5622395833333332 0.08500000000000002 0.05166700000000005
2 0.35109375 0.9044274166666666 0.08750000000000002 0.07749999999999997
2 0.365703125 0.48494791666666665 0.09937499999999999 0.062499999999999924
2 0.376953125 0.09484408333333333 0.09937499999999999 0.09666599999999999
2 0.4075 0.24963541666666667 0.06375000000000003 0.04500000000000004
2 0.4189453125 0.32635416666666667 0.05812499999999998 0.06999999999999999
2 0.4219921875 0.70703125 0.05312499999999998 0.040832999999999973
2 0.4518359375 0.5290625 0.10749999999999998 0.07916699999999999
2 0.4775 0.24989616666666667 0.06312500000000004 0.03750000000000001
2 0.4877734375 0.7828642499999999 0.030000000000000027 0.04083399999999996
2 0.5357421875 0.3415100833333333 0.08562499999999995 0.09666699999999999
2 0.5228125 0.4716149166666666 0.04874999999999996 0.06000000000000005
2 0.5380078125 0.4067708333333333 0.0737500000000001 0.089167
2 0.69421875 0.897917 0.08687500000000004 0.0650000000000001
2 0.874609375 0.7603128333333333 0.07499999999999996 0.05749999999999996
