2 0.0283203125 0.120417 0.0575 0.065
2 0.0378515625 0.1674479166666667 0.06624999999999999 0.06166700000000001
2 0.136875 0.8596878333333332 0.250625 0.27750000000000014
2 0.0342578125 0.20343750000000002 0.0425 0.048332999999999994
2 0.0696484375 0.22723958333333336 0.030625000000000006 0.05166699999999994
2 0.1712890625 0.13624966666666666 0.175625 0.27249999999999996
2 0.28312499999999996 0.46765624999999994 0.21937500000000001 0.32083300000000003
2 0.2075 0.950208 0.06437500000000002 0.09583399999999997
2 0.2048046875 0.12651075 0.03875000000000001 0.05499999999999999
2 0.324609375 0.09375 0.168125 0.1875
2 0.28875 0.3142190833333333 0.06374999999999997 0.066666
2 0.3891796875 0.7708336666666668 0.22625000000000006 0.3358329999999999
2 0.3206640625 0.4539583333333333 0.049375 0.07416700000000002
2 0.3629296875 0.047447916666666666 0.03750000000000003 0.060833000000000005
2 0.45234375 0.35598925 0.21187499999999998 0.3216669999999999
2 0.4396875 0.7836975833333334 0.046875 0.08083399999999985
2 0.562734375 0.66515625 0.19999999999999996 0.321667
2 0.496484375 0.35385416666666664 0.04375000000000007 0.06916699999999998
2 0.6230078125 0.6731253333333332 0.04125000000000001 0.0741660000000001
2 0.7487890625 0.5424475833333333 0.20562500000000006 0.27
2 0.8117578125 0.5677604166666667 0.04125000000000001 0.07583299999999989
2 0.901953125 0.4480208333333333 0.193125 0.2775000000000001
2 0.9299609375 0.014322916666666666 0.04625000000000001 0.03
2 0.9687109375 0.46682325 0.04499999999999993 0.07083299999999992
