1 0.70026075 0.22954816666666666 0.11833300000000002 0.131112
1 0.734348625 0.37107683333333336 0.08333400000000002 0.15333300000000002
1 0.78588575 0.4910768333333333 0.1499999999999999 0.15333300000000002
1 0.790442375 0.2009723333333333 0.07499999999999996 0.10444399999999997
1 0.78625 0.2911634166666666 0.06333299999999997 0.10888900000000001
1 0.828307625 0.3484726666666667 0.11499999999999999 0.14666599999999994
1 0.8411328125 0.24418425 0.07333299999999998 0.13333300000000003
1 0.8973955 0.3418056666666667 0.07999999999999996 0.14666699999999996
1 0.925208 0.45652733333333334 0.09499999999999997 0.10444500000000005
1 0.9217060625 0.23737825 0.08166600000000002 0.07111099999999997
1 0.9433203125 0.20213541666666668 0.05666699999999991 0.046667000000000014
1 0.9684375 0.3054163333333333 0.04833300000000007 0.10444500000000005
