2 0.23125 0.7995893478260869 0.09499999999999997 0.144766
2 0.0087890625 0.354031 0.01875 0.08129199999999999
2 0.015625 0.13791991304347825 0.03125 0.10690399999999999
2 0.0263671875 0.49767008695652176 0.053125 0.13697099999999993
2 0.04296875 0.618762652173913 0.086875 0.17817400000000005
2 0.026015625 0.23362673913043477 0.0525 0.07349599999999999
2 0.0575390625 0.3284050869565217 0.081875 0.13697100000000004
2 0.060859375 0.05502704347826087 0.075625 0.10913099999999999
2 0.0601171875 0.14551547826086958 0.05437499999999999 0.06681499999999999
2 0.0934765625 0.7123036521739131 0.09625 0.18040099999999987
2 0.08328125 0.4344084347826087 0.071875 0.11915400000000001
2 0.0934765625 0.5323422608695653 0.06625 0.08908699999999993
2 0.1126953125 0.19672656521739132 0.08812499999999998 0.12472199999999997
2 0.1118359375 0.10382460869565217 0.04562500000000001 0.07127
2 0.13203125 0.32875569565217394 0.07187500000000001 0.126949
2 0.141484375 0.6063132173913044 0.074375 0.14031199999999996
2 0.154296875 0.8081477391304348 0.09 0.15478800000000004
2 0.1569921875 0.47365895652173906 0.08437499999999999 0.13251700000000002
2 0.149140625 0.034782608695652174 0.05249999999999999 0.071269
2 0.1665234375 0.12295504347826088 0.060624999999999984 0.110245
2 0.1898046875 0.6874679565217391 0.06937499999999999 0.1347440000000001
2 0.197734375 0.20905165217391306 0.074375 0.097996
2 0.195078125 0.3319594347826087 0.06812500000000002 0.120267
2 0.2193359375 0.5413746086956521 0.076875 0.150334
2 0.2239453125 0.04633139130434783 0.057499999999999996 0.09131399999999999
2 0.241875 0.41930630434782606 0.06437500000000002 0.11804000000000003
2 0.25375000000000003 0.13659356521739133 0.06375 0.12360800000000001
2 0.2708984375 0.2686216956521739 0.09374999999999997 0.12806299999999995
2 0.27156250000000004 0.649255347826087 0.079375 0.14476600000000012
2 0.2896484375 0.03763573913043478 0.06187499999999996 0.07461000000000001
2 0.3144921875 0.4912636086956522 0.085625 0.15256100000000006
2 0.333125 0.7450104347826088 0.09499999999999997 0.19933199999999993
2 0.3273046875 0.12510695652173912 0.06874999999999998 0.134744
2 0.3316015625 0.3609124347826087 0.065 0.11915299999999997
2 0.3485546875 0.5851552173913044 0.06937499999999996 0.13919800000000004
2 0.3598828125 0.24238356521739132 0.073125 0.12249499999999997
2 0.3719921875 0.043478260869565216 0.08437499999999998 0.087973
2 0.391875 0.45292765217391306 0.06312500000000004 0.10022199999999998
2 0.408046875 0.325202347826087 0.09125 0.14365199999999997
2 0.403984375 0.1318640434782609 0.075625 0.10913099999999998
2 0.418359375 0.5645611739130434 0.075625 0.11469900000000013
2 0.4276953125 0.7132182173913044 0.08875 0.13919799999999993
2 0.43421875 0.20522278260869567 0.08750000000000002 0.103564
2 0.46 0.05496486956521739 0.06374999999999997 0.077951
2 0.47140625 0.4693561304347826 0.07062499999999994 0.08463199999999989
2 0.4803515625 0.3564574347826087 0.06500000000000006 0.11915399999999997
2 0.5079296875 0.5569656086956521 0.10124999999999995 0.150334
2 0.49296875 0.14557765217391305 0.05499999999999999 0.100223
2 0.4976953125 0.24927891304347827 0.05687500000000001 0.10467700000000002
2 0.534765625 0.050434782608695654 0.08374999999999999 0.101336
2 0.55125 0.407607347826087 0.09499999999999997 0.14365199999999997
2 0.5714453125 0.13714360869565217 0.08937499999999998 0.152561
2 0.5776953125 0.27460247826086953 0.08812500000000001 0.14810699999999996
