2 0.5711328124999999 0.8176038333333334 0.19812500000000005 0.34
2 0.0185546875 0.5344267500000001 0.038125 0.11916699999999995
2 0.1181640625 0.17447916666666666 0.236875 0.3499999999999999
2 0.1511328125 0.9526038333333333 0.291875 0.09083400000000008
2 0.3505859375 0.8096350833333332 0.26375 0.3783340000000001
2 0.3353515625 0.07942708333333333 0.2225 0.160833
2 0.3639453125 0.5028121666666666 0.24562499999999998 0.3508339999999999
2 0.312734375 0.22437533333333334 0.138125 0.261666
2 0.4538671875 0.10625 0.27249999999999996 0.188333
2 0.47265625 0.29791633333333334 0.19625000000000004 0.22916699999999993
2 0.6177734375 0.45036425 0.249375 0.28916699999999995
2 0.649375 0.046875 0.1875 0.094167
2 0.8106640625 0.12453091666666666 0.17562500000000003 0.24833399999999997
2 0.863515625 0.49906216666666664 0.270625 0.4133340000000001
