1 0.3918976099706745 0.6337890625 0.15709299999999995 0.08125000000000004
1 0.11902757771260997 0.5794921875 0.124268 0.08437499999999998
1 0.21427364809384164 0.527733875 0.10316600000000002 0.060157000000000016
1 0.2901679618768328 0.559765625 0.05392700000000003 0.051562999999999914
1 0.3487952697947214 0.4873044375 0.09026899999999996 0.061719000000000024
1 0.3825051994134898 0.5572263125 0.109027 0.05703199999999997
1 0.4334965454545454 0.4787111875 0.092615 0.08593699999999999
1 0.4598791994134897 0.4267583125 0.10902699999999996 0.057031
1 0.4929984750733138 0.531640125 0.11254399999999996 0.06718800000000003
1 0.5023743724340176 0.5994138125 0.10081999999999997 0.07265699999999997
1 0.5964680586510264 0.6341799375 0.15240299999999993 0.07734299999999994
1 0.5823794428152492 0.4376955625 0.079719 0.06562499999999999
1 0.5923459941348973 0.491796875 0.08792500000000002 0.06015599999999999
1 0.6404150967741936 0.566796875 0.09730399999999993 0.058594000000000035
1 0.6870107184750732 0.450390875 0.08440800000000001 0.06015599999999999
1 0.7207350586510263 0.6341799375 0.15240400000000015 0.07734299999999994
1 0.6999067184750732 0.494921875 0.0844080000000001 0.05859399999999998
1 0.7626313724340176 0.5564455625 0.10082099999999994 0.06484400000000001
1 0.7866556158357771 0.4974611875 0.07268500000000008 0.05312499999999998
1 0.818323026392962 0.5408205625 0.11840499999999998 0.06562500000000004
1 0.8479284046920822 0.613672125 0.134818 0.067187
1 0.8907096480938417 0.60078125 0.10550999999999995 0.07031299999999996
1 0.9223564428152493 0.5798830625 0.07971799999999994 0.08203099999999997
