2 0.678002 0.11038993750000001 0.22058900000000004 0.202614
2 0.1346949375 0.265152375 0.138889 0.106209
2 0.3001238125 0.456967625 0.104575 0.11437900000000001
2 0.4108520625 0.298917 0.30065400000000003 0.218955
2 0.4251490625 0.62870225 0.17483699999999996 0.19607799999999997
2 0.4020690625 0.3676985 0.11274499999999998 0.142156
2 0.493323625 0.221520125 0.238562 0.19280999999999998
2 0.5594168125000001 0.4784328125 0.19771299999999997 0.166667
2 0.7008588125 0.773093125 0.2287579999999999 0.22385599999999994
2 0.654679625 0.30564487500000004 0.11437900000000001 0.12254899999999999
2 0.8207780625 0.5636038125 0.23692800000000003 0.22875899999999993
2 0.8342843125 0.0546875 0.18300700000000003 0.111111
2 0.874042625 0.41046225 0.24019600000000008 0.16503300000000004
2 0.8725045625 0.1984209375 0.189542 0.13888899999999998
