1 0.20231232679738564 0.5401533125 0.02051299999999999 0.026820000000000066
1 0.23318208496732026 0.610095875 0.030769999999999968 0.02809700000000004
1 0.2424329477124183 0.5446614375 0.01367599999999997 0.02937400000000001
1 0.25369508496732024 0.4914728125 0.02905999999999999 0.011494000000000004
1 0.29130208496732024 0.5746363125 0.029060000000000027 0.025542999999999982
1 0.29814008496732025 0.2815704375 0.029060000000000027 0.02937400000000001
1 0.30829532679738564 0.589736125 0.02051299999999999 0.03703699999999999
1 0.33564632679738565 0.6218903125 0.02051299999999999 0.025542999999999982
1 0.3450977058823529 0.5439100625 0.025641000000000032 0.01915700000000009
1 0.36430351633986924 0.06378131249999999 0.02222200000000004 0.026819000000000003
1 0.37083946405228757 0.0196821875 0.03589800000000001 0.021711
1 0.3801910849673203 0.4864390625 0.029060000000000027 0.01915699999999998
1 0.4157870326797386 0.0528129375 0.044443999999999935 0.014049000000000006
1 0.4109600849673203 0.6179840625 0.02905999999999995 0.01915699999999998
1 0.4150829477124183 0.6665903125 0.013674999999999968 0.026819999999999955
1 0.42322813725490194 0.4697618125 0.017093999999999998 0.010217000000000032
1 0.42976408496732027 0.583275875 0.029059000000000026 0.02809700000000004
1 0.45530432679738564 0.5005623125 0.02051299999999995 0.02682000000000001
1 0.47159370588235294 0.6454801875 0.025640999999999997 0.021711999999999954
1 0.4832576535947713 0.5055960625 0.03760699999999995 0.017880000000000007
1 0.4951228954248366 0.6966404375 0.02735100000000001 0.030652000000000013
1 0.49592751633986926 0.585755625 0.02222200000000004 0.020433999999999952
1 0.5087978954248366 0.67327675 0.02735100000000001 0.02426600000000001
1 0.5537454640522875 0.6855978125 0.03589800000000001 0.011494000000000004
1 0.5641022222222223 0.5189689375 0.044444999999999936 0.015325000000000033
1 0.5722474117647058 0.4826823125 0.04957299999999998 0.02682000000000001
1 0.5844147058823529 0.1633230625 0.025640999999999997 0.017880000000000007
1 0.5938660849673202 0.6805640625 0.02905999999999995 0.01915699999999998
1 0.5989940849673203 0.1148663125 0.030769999999999968 0.026819999999999997
1 0.6189039803921569 0.3295005625 0.05640999999999996 0.03320600000000001
1 0.6091503267973856 0.696791375 0.01880300000000001 0.012772000000000006
1 0.6534937908496732 0.502815875 0.05299200000000008 0.028096999999999928
1 0.6661636535947713 0.4315973125 0.03760700000000002 0.02554200000000001
1 0.707994274509804 0.4009453125 0.032478000000000055 0.025543000000000038
1 0.7241828954248366 0.642023875 0.027350999999999938 0.028097999999999956
1 0.724585705882353 0.2546761875 0.025640999999999848 0.02298799999999998
1 0.724585705882353 0.6652390625 0.025640999999999848 0.01915699999999998
1 0.7340370849673202 0.6970918125 0.029060000000000027 0.011495000000000033
1 0.7528410849673202 0.5509721875 0.030769000000000112 0.021711000000000036
1 0.7554554640522875 0.27353275 0.03589700000000008 0.024265000000000037
1 0.7484159477124183 0.7290208125 0.013676000000000119 0.010217000000000032
1 0.7776774640522877 0.515662125 0.034187999999999996 0.03575999999999996
1 0.7819000849673202 0.14198675 0.030769999999999968 0.02426600000000001
1 0.7796885163398694 0.175793625 0.022221999999999967 0.02043399999999998
1 0.7955760849673204 0.566072 0.029058999999999877 0.031927999999999956
1 0.7997987058823529 0.3690173125 0.023932000000000057 0.026819999999999955
1 0.8340874640522876 0.47547025 0.034187999999999996 0.040868000000000015
1 0.9498238954248366 0.661106625 0.027351000000000087 0.020434000000000063
1 0.9674204640522877 0.6766578125 0.034187999999999996 0.010217000000000032
