0 0.5326866725663717 0.770078125 0.053823999999999955 0.03562500000000002
0 0.570340820058997 0.77328125 0.049102999999999994 0.03937499999999994
0 0.6073481887905604 0.3769921875 0.03305000000000006 0.05312499999999998
0 0.615019041297935 0.78484375 0.038716000000000125 0.02375000000000005
0 0.681470598820059 0.7248828125 0.05854500000000001 0.04125000000000001
0 0.6981795575221239 0.946875 0.017940999999999988 0.03125
0 0.7473358938053097 0.576953125 0.04438199999999994 0.03562500000000002
0 0.760790598820059 0.9123046875 0.056657000000000034 0.03749999999999998
0 0.7710607463126843 0.8716796875 0.051936000000000065 0.03874999999999995
0 0.7932471563421828 0.5286328125 0.07459900000000001 0.04249999999999998
0 0.7948471150442478 0.8364453125 0.03588299999999997 0.02562500000000001
0 0.8188600088495576 0.548359375 0.080264 0.04437500000000005
0 0.8530968938053096 0.844375 0.04627000000000008 0.03125
0 0.8876126401179941 0.446328125 0.09442900000000004 0.06687499999999996
0 0.868088041297935 0.9783203125 0.03871600000000004 0.02562500000000001
