1 0.5740390625 0.6575893040446305 0.08199999999999996 0.08285699999999996
1 0.3024609375 0.3120438033472803 0.045999999999999985 0.06714300000000002
1 0.32653125 0.34228090237099024 0.03999999999999998 0.04999999999999999
1 0.340484375 0.5376912036262204 0.04299999999999998 0.07428499999999998
1 0.3614375 0.6188145048814504 0.046999999999999986 0.09857100000000009
1 0.388484375 0.5576226039051604 0.04299999999999998 0.07857199999999998
1 0.394390625 0.3222133026499302 0.05099999999999999 0.055715000000000035
1 0.3896953125 0.49078530264993026 0.027000000000000024 0.05571400000000006
1 0.3986015625 0.2909205020920502 0.034999999999999976 0.042856999999999985
1 0.4123671875 0.4518067043235704 0.05399999999999999 0.08714300000000003
1 0.4134375 0.3166345020920502 0.046999999999999986 0.04428600000000008
1 0.4155546875 0.6292544030683402 0.03899999999999998 0.06142900000000011
1 0.4195546875 0.4991535034867503 0.03899999999999998 0.07142800000000003
1 0.429625 0.27962770153417016 0.03300000000000003 0.03142799999999995
1 0.4397421875 0.48357470292887034 0.02200000000000002 0.05999999999999998
1 0.4516484375 0.2666688019525802 0.031000000000000028 0.04000000000000001
1 0.46253125 0.5831681046025106 0.04099999999999998 0.09428599999999995
1 0.464625 0.30673640167364014 0.032999999999999974 0.03428600000000006
1 0.480484375 0.4891535034867504 0.043999999999999984 0.07142799999999996
1 0.47871875 0.2681987015341702 0.024999999999999967 0.031428999999999964
1 0.493484375 0.6600740055788006 0.04300000000000004 0.11428500000000007
1 0.5006953125 0.29956010181311016 0.026000000000000023 0.038570999999999994
1 0.511765625 0.2466345020920502 0.02100000000000002 0.042856999999999985
1 0.524484375 0.5803787043235705 0.04300000000000004 0.08714299999999994
1 0.535484375 0.3678940027894003 0.04300000000000004 0.058571
1 0.5298359375 0.26387940167364016 0.015000000000000013 0.03428600000000002
1 0.562203125 0.46602510460251045 0.06799999999999995 0.09285700000000005
1 0.564625 0.3262622036262203 0.03199999999999992 0.07428600000000003
1 0.59125 0.5584079065550906 0.06399999999999995 0.13285699999999998
1 0.581625 0.2680292022315202 0.03300000000000003 0.04571500000000001
1 0.6055078125 0.30513890237099023 0.04200000000000004 0.04999999999999999
1 0.6046015625 0.39370990237099024 0.03500000000000003 0.049999999999999954
1 0.626625 0.2966345020920502 0.03300000000000003 0.042856999999999985
1 0.631625 0.3806158033472803 0.03200000000000003 0.06714299999999998
1 0.6661796875 0.6470808061366806 0.06899999999999995 0.12285699999999997
1 0.663390625 0.5527958061366807 0.051999999999999935 0.12428499999999992
1 0.6606953125 0.29517220223152024 0.026000000000000023 0.04714299999999998
1 0.714484375 0.4989840041841005 0.04400000000000004 0.08571399999999997
1 0.778875 0.5484755062761506 0.09399999999999997 0.12714300000000003
1 0.78396875 0.4830329051603905 0.08599999999999997 0.1057140000000001
1 0.816203125 0.6444276052998605 0.06699999999999995 0.10714200000000006
1 0.8281328125 0.5533376039051604 0.07299999999999995 0.07857099999999996
1 0.90025 0.46629650348675034 0.06300000000000006 0.06999999999999999
1 0.91115625 0.6345285048814504 0.07099999999999995 0.10000000000000006
1 0.913296875 0.5448675034867504 0.05999999999999994 0.06999999999999992
1 0.965296875 0.5643933054393305 0.05899999999999994 0.11142899999999999
1 0.960484375 0.47337090376569035 0.04300000000000004 0.07714300000000009
1 0.984671875 0.6359575048814504 0.028000000000000025 0.09857100000000009
