2 0.4923833125 0.5494795 0.152343 0.17291599999999993
2 0.507421625 0.4565104166666667 0.08281300000000003 0.07604200000000001
2 0.58437475 0.5906253333333333 0.21093800000000001 0.26145800000000013
2 0.666015625 0.658333 0.14609399999999995 0.15729200000000013
2 0.691796625 0.7903649166666668 0.175782 0.09166600000000003
2 0.7861330625 0.6046878333333333 0.236719 0.24687500000000004
2 0.7544924375 0.7343746666666666 0.12343700000000002 0.11458400000000009
2 0.84375 0.7286455 0.15781199999999995 0.07916700000000014
2 0.9033205625 0.5776038333333333 0.12890599999999997 0.18333400000000002
2 0.951563 0.5828121666666667 0.09375 0.1937500000000001
