1 0.545312 0.5603510625 0.12656299999999998 0.11250099999999996
1 0.0146484375 0.3912114375 0.029687 0.06093700000000002
1 0.4156255 0.5205073124999999 0.11093700000000001 0.08906300000000006
1 0.4607421875 0.460547375 0.08437500000000003 0.07499900000000004
1 0.53828125 0.435546875 0.07031299999999996 0.09062500000000001
1 0.589063 0.486328125 0.09375 0.098437
1 0.687108875 0.5123051875 0.0906260000000001 0.08593700000000004
1 0.6968745 0.7419921875 0.078125 0.11562500000000009
1 0.709375 0.6400395625 0.06406299999999998 0.0656239999999999
1 0.748438 0.577734375 0.09531199999999995 0.10624999999999996
1 0.77109375 0.6607416875 0.08750000000000002 0.03750100000000001
1 0.811328125 0.724609375 0.129687 0.10624999999999996
1 0.8625005 0.58984375 0.078125 0.08750000000000002
1 0.90234375 0.7310541875 0.11718799999999996 0.11562500000000009
1 0.93046825 0.5515625 0.07187600000000005 0.07968800000000009
1 0.93203125 0.3671875 0.07031300000000007 0.04843799999999998
1 0.93359375 0.6330083125 0.05468799999999996 0.057811999999999975
1 0.96328125 0.69609325 0.07031300000000007 0.10312600000000005
1 0.98671875 0.4093755 0.02343800000000007 0.07968700000000001
