2 0.02734375 0.6301496691068814 0.054773 0.13145500000000002
2 0.05078125 0.7292500190336749 0.101721 0.20657199999999995
2 0.052734375 0.9632519633967789 0.106416 0.06807600000000015
2 0.06015875 0.563489859443631 0.117371 0.18075200000000002
2 0.0759840625 0.21142579795021962 0.143975 0.133803
2 0.06803275 0.26715857101024887 0.056338 0.15023500000000004
2 0.12333268750000001 0.4493736998535871 0.131455 0.15492999999999998
2 0.1272629375 0.7377321786237189 0.107982 0.232394
2 0.16072787500000002 0.9591382210834554 0.090767 0.07511800000000006
2 0.19588412500000002 0.3390936383601757 0.16118899999999997 0.10563400000000003
2 0.24165525 0.4281987613469985 0.16432000000000002 0.20187799999999997
2 0.197534625 0.7167250248901903 0.05164300000000002 0.11502399999999993
2 0.3177623125 0.9514909941434846 0.151799 0.09155000000000012
2 0.314905625 0.4479585095168375 0.051642999999999994 0.10328599999999998
2 0.3686165625 0.64537121522694 0.159624 0.16432000000000005
2 0.3692415 0.5351151229868228 0.11111100000000002 0.09624399999999997
2 0.386819625 0.9227177672035138 0.14554 0.11032799999999997
2 0.3917389375 0.41767221522694 0.107981 0.16666599999999998
2 0.4433579375 0.8619384421669106 0.13928000000000001 0.14788800000000005
2 0.41855575 0.9641358345534407 0.08763700000000002 0.06572800000000008
2 0.47019875 0.40131212298682284 0.08607200000000004 0.09624399999999997
2 0.552352 0.42822373060029284 0.09389700000000001 0.17605599999999996
2 0.576991375 0.3179186998535871 0.10641600000000007 0.15493
2 0.630211875 0.4118396691068814 0.09076600000000001 0.12910800000000003
2 0.6634265 0.3918741844802343 0.140845 0.14084499999999997
2 0.6582170625 0.21584215373352852 0.050077999999999956 0.11971799999999998
2 0.6871258125 0.28391715373352855 0.10485099999999992 0.11737100000000003
2 0.7588885 0.6184126691068814 0.140845 0.13145500000000002
2 0.7292035 0.7532563382137629 0.079812 0.25821599999999995
2 0.737016 0.16190009224011714 0.09546200000000005 0.07277
2 0.7962836875 0.38046376720351394 0.10015600000000002 0.11032899999999998
2 0.8146505625 0.2841478594436311 0.12832500000000002 0.18075099999999997
2 0.81915675 0.23111263836017573 0.11893600000000004 0.10563400000000002
2 0.8021670625 0.7618114055636895 0.08137799999999995 0.2159620000000001
2 0.8033439375 0.5907759882869692 0.07668300000000006 0.183099
2 0.82855925 0.4880942152269399 0.10172100000000006 0.16666700000000004
2 0.8314889375 0.42476215373352855 0.107981 0.11737100000000003
2 0.85199675 0.1325206383601757 0.15023399999999998 0.10563399999999999
2 0.87077575 0.869005411420205 0.150235 0.12441299999999994
2 0.956508625 0.7780606383601758 0.08294199999999996 0.10798099999999997
2 0.980019125 0.6956229941434846 0.03599399999999997 0.09154899999999999
