2 0.6805859375000001 0.3880729166666666 0.42187499999999994 0.591667
2 0.25 0.30223958333333334 0.125 0.051666999999999984
2 0.3779296875 0.8292708333333333 0.38125 0.33916700000000005
2 0.27953125 0.6826559166666666 0.164375 0.28083400000000003
2 0.33484375 0.43447883333333337 0.11812499999999998 0.18416699999999997
2 0.4420703125 0.17869758333333333 0.11999999999999994 0.08249999999999998
2 0.5418359374999999 0.209375 0.10875000000000007 0.09499999999999997
2 0.5596875 0.14098924999999998 0.11124999999999996 0.07250000000000001
2 0.8287890625 0.6532809166666667 0.23750000000000004 0.3116670000000001
2 0.8728515625 0.8701041666666667 0.25250000000000006 0.13249999999999998
2 0.867890625 0.15505208333333334 0.08250000000000002 0.06583300000000002
