0 0.020497803806734993 0.9380283125 0.043 0.026000000000000023
0 0.027818448023426062 0.1867421875 0.055999999999999994 0.02266700000000002
0 0.055636896046852125 0.48873925 0.11199999999999999 0.383334
0 0.04471303074670571 0.9294091875 0.025999999999999992 0.02200000000000002
0 0.0779619326500732 0.116911125 0.044 0.036000000000000004
0 0.7124714494875549 0.2275390625 0.534 0.455333
0 0.5466032210834553 0.6791748125 0.07499999999999996 0.04266599999999998
0 0.5624260614934115 0.6046484375 0.04799999999999999 0.029333000000000053
0 0.6464978038067349 0.69219825 0.04300000000000004 0.04066599999999998
0 0.8013543191800879 0.8013154375 0.05399999999999992 0.029332999999999942
0 0.8116032210834554 0.765484375 0.07399999999999987 0.04466700000000001
0 0.8900673499267935 0.52934375 0.07700000000000018 0.05600000000000005
0 0.8962108345534406 0.82219825 0.06500000000000014 0.03933299999999995
0 0.9511390922401172 0.8566015625 0.0719999999999999 0.03400000000000003
0 0.9590673499267935 0.7522734375 0.078 0.06133299999999997
