1 0.3525391875 0.6432295 0.11718699999999999 0.14322899999999983
1 0.064453125 0.5781246666666666 0.130859 0.11458400000000009
1 0.1210935 0.5312496666666666 0.080078 0.1458340000000001
1 0.2333980625 0.49088575000000007 0.08007900000000001 0.08854099999999991
1 0.435547 0.5130208333333334 0.09570299999999998 0.11979200000000005
1 0.433594 0.7005209999999998 0.03320300000000004 0.03125
1 0.439453125 0.6236980833333333 0.037109 0.09895800000000017
1 0.6669921875 0.5989585 0.05468700000000004 0.046875
1 0.75585925 0.5117190833333334 0.03906300000000007 0.09895799999999995
1 0.832031125 0.48046925 0.09960900000000006 0.10416600000000005
1 0.93164075 0.4427085 0.08789000000000002 0.078125
1 0.95703125 0.6236980833333333 0.07031299999999996 0.09895800000000017
1 0.9619138125 0.559896 0.07226600000000005 0.0625
1 0.980469 0.40885366666666667 0.03320299999999998 0.11458400000000002
1 0.9873041875 0.48958299999999993 0.021484999999999976 0.09375
