1 0.06253906249999999 0.5756770833333333 0.080625 0.09749999999999999
1 0.06691406250000001 0.9754684166666667 0.050624999999999996 0.04583400000000001
1 0.0686328125 0.13911491666666667 0.041249999999999995 0.06166600000000002
1 0.068203125 0.09223958333333333 0.03624999999999999 0.051666999999999984
1 0.0759765625 0.4502086666666667 0.035 0.05333299999999993
1 0.1572265625 0.36067674999999993 0.03375 0.05499999999999997
1 0.176484375 0.3208333333333333 0.011874999999999997 0.043333000000000066
1 0.1826171875 0.30322916666666666 0.021875000000000006 0.03750000000000001
1 0.2153515625 0.24656216666666667 0.03375 0.03749999999999998
1 0.3706640625 0.019427083333333334 0.019374999999999976 0.035833
1 0.4523828125 0.45578125 0.073125 0.10333300000000005
1 0.5854296875 0.010416666666666666 0.03749999999999998 0.021667000000000002
1 0.6088671875 0.445417 0.05437499999999995 0.06333299999999993
1 0.6982421875 0.14640591666666666 0.05312499999999998 0.09250000000000001
1 0.9558203125 0.10953158333333335 0.05812499999999998 0.08166599999999999
