2 0.0634765625 0.7277734375 0.12875 0.155625
2 0.0693359375 0.29781250000000004 0.13875 0.17375
2 0.14453125 0.51625 0.290625 0.313125
2 0.1953125 0.82625 0.391875 0.345
2 0.11917968749999999 0.2841796875 0.16375 0.16249999999999998
2 0.31843750000000004 0.1720703125 0.328125 0.3075
2 0.3218359375 0.479609375 0.265 0.32437499999999997
2 0.44578125 0.0830078125 0.19562499999999994 0.1675
2 0.479765625 0.86234375 0.20875 0.27375000000000005
2 0.5608593749999999 0.6641015625 0.356875 0.31625000000000003
2 0.5482421875 0.2926953125 0.27312500000000006 0.21312499999999998
2 0.569609375 0.1996875 0.20000000000000007 0.11124999999999999
2 0.625625 0.0849609375 0.21875 0.170625
2 0.701328125 0.9278125 0.254375 0.14187499999999997
2 0.7359375 0.7934375 0.203125 0.266875
2 0.7712890625 0.1970703125 0.23750000000000004 0.244375
2 0.777109375 0.431875 0.23187500000000005 0.18937499999999996
2 0.8440234375 0.7208203125 0.31062500000000004 0.401875
2 0.9226171875 0.2650390625 0.14687499999999998 0.23750000000000002
2 0.949453125 0.3823046875 0.09875 0.28874999999999995
