1 0.1542965 0.613636033492823 0.016602000000000006 0.015551000000000051
1 0.172851625 0.5729664114832537 0.021484000000000003 0.03468899999999999
1 0.1816409375 0.5502393779904305 0.014648000000000022 0.019138999999999996
1 0.2480465 0.7511958947368421 0.015625 0.026316000000000013
1 0.2744135625 0.7452155502392346 0.03417999999999999 0.0239229999999999
1 0.3232424375 0.5071767559808613 0.030272999999999994 0.039473999999999954
1 0.3417970625 0.473684033492823 0.01855399999999996 0.015549999999999993
1 0.3417970625 0.6973679282296651 0.01855399999999996 0.041866999999999994
1 0.420898875 0.48923427272727277 0.028320000000000012 0.04545500000000001
1 0.6123041875 0.6650718612440192 0.022460999999999953 0.014353999999999896
1 0.6552733125 0.4282295502392345 0.025391000000000052 0.022727000000000008
