1 0.1091796875 0.7980431600587372 0.19499999999999998 0.24248099999999995
1 0.6554296875 0.8842744449339206 0.16375000000000006 0.22932299999999994
1 0.69328125 0.44671829515418504 0.13437500000000002 0.13439899999999996
1 0.7313671875 0.6487240176211453 0.1781250000000001 0.24811999999999998
1 0.79328125 0.8842744449339206 0.1656249999999999 0.22932299999999994
1 0.8309375 0.7300838649045521 0.078125 0.10902200000000002
1 0.85953125 0.5370021541850221 0.13375000000000004 0.15977399999999997
1 0.9365625 0.8806924405286345 0.11125000000000007 0.16917300000000002
1 0.9100390625 0.4418435785609398 0.050000000000000044 0.100564
1 0.951953125 0.6567737254038178 0.06687500000000002 0.15601500000000001
1 0.9648046875 0.48489744346549196 0.06874999999999998 0.209587
1 0.980078125 0.7748998722466961 0.03687499999999999 0.214286
