1 0.3385043125 0.33989583333333334 0.08817999999999998 0.12000000000000004
1 0.025390625 0.4346354166666666 0.052533 0.17000000000000007
1 0.0263671875 0.5736979166666666 0.054409 0.12250000000000005
1 0.044921875 0.7804166666666666 0.090056 0.14749999999999996
1 0.0750410625 0.9121354166666666 0.142589 0.17000000000000007
1 0.1273436875 0.5397916666666667 0.131332 0.11499999999999999
1 0.142790375 0.43588541666666664 0.10694200000000001 0.1075
1 0.1610375625 0.81625 0.12758000000000003 0.1875
1 0.2059884375 0.935 0.123828 0.125
1 0.2106939375 0.37546875 0.07692299999999999 0.08749999999999998
1 0.2642265625 0.8153645833333334 0.12758 0.20750000000000002
1 0.26872475 0.6233333333333334 0.118199 0.16749999999999998
1 0.27779825 0.3227083333333333 0.103189 0.13749999999999998
1 0.3349055625 0.16739583333333333 0.09756100000000001 0.12
1 0.372606875 0.9030208333333333 0.15384599999999998 0.1525
1 0.3553903125 0.5822916666666668 0.08817999999999998 0.11499999999999992
1 0.3785964375 0.74453125 0.123828 0.16500000000000004
1 0.4359881875 0.1444791666666667 0.084428 0.09999999999999998
1 0.4624855625 0.5265104166666666 0.09756099999999995 0.13999999999999999
1 0.4853841875 0.6475 0.11632299999999995 0.12750000000000009
1 0.5194636875 0.90375 0.13133200000000006 0.1875
1 0.5405924375 0.12296875 0.061914000000000025 0.08750000000000002
1 0.57408 0.49718750000000006 0.093808 0.10999999999999995
1 0.59893175 0.7469270833333334 0.11819900000000005 0.16
1 0.605743625 0.42328125 0.08255199999999996 0.10249999999999997
1 0.65020375 0.9397916666666667 0.15009400000000006 0.11500000000000006
1 0.6158698125 0.329375 0.0731710000000001 0.09500000000000004
1 0.6270506875 0.1784895833333333 0.06941799999999998 0.11249999999999999
1 0.6701255625 0.2908854166666666 0.065666 0.1075
1 0.7082115 0.8443229166666666 0.14071299999999998 0.1550000000000001
1 0.6797369375 0.5599999999999999 0.07692300000000007 0.12500000000000008
1 0.7004520625 0.40015625 0.08067499999999994 0.07250000000000001
1 0.693307625 0.10916666666666668 0.05253300000000005 0.085
1 0.7175684375 0.725 0.09193200000000001 0.125
1 0.734583625 0.26286458333333335 0.05253300000000005 0.08250000000000002
1 0.7451725625 0.17776041666666667 0.065666 0.07749999999999997
1 0.7420115 0.13244791666666667 0.046903999999999946 0.06000000000000002
1 0.7985519375 0.8330208333333333 0.10881799999999997 0.1525
1 0.799142875 0.5702083333333333 0.09005699999999994 0.13750000000000004
1 0.8007885 0.6841145833333334 0.07879899999999995 0.14499999999999993
1 0.7976284375 0.26588541666666665 0.061912999999999996 0.1075
1 0.8578968125 0.3371875 0.07316999999999996 0.11000000000000003
1 0.8649390625 0.7092187500000001 0.05065700000000006 0.15
1 0.9052385 0.7051041666666666 0.048781000000000074 0.13249999999999998
1 0.9217629375 0.5983854166666668 0.07692299999999996 0.10749999999999993
1 0.949314 0.4909895833333333 0.09568500000000002 0.11250000000000004
1 0.980055125 0.58859375 0.035646999999999984 0.11749999999999994
