2 0.5655078124999999 0.4451661307189543 0.13625000000000004 0.16903800000000002
2 0.0234375 0.08084296078431373 0.046875 0.11046099999999999
2 0.41878906250000003 0.6108183594771242 0.7381249999999999 0.46192500000000003
2 0.5801953125 0.06666666666666667 0.838125 0.134728
2 0.315 0.5250418758169935 0.125 0.08117100000000002
2 0.6643359375 0.9725867908496733 0.14 0.05271999999999994
2 0.7328515625 0.9218419934640523 0.15937499999999993 0.15313800000000002
2 0.80859375 0.369125477124183 0.08750000000000002 0.132217
2 0.89296875 0.9000790261437909 0.21187500000000004 0.19581599999999993
2 0.8877734375 0.48590769934640526 0.15437499999999993 0.17740599999999995
2 0.9062890625 0.6375367189542483 0.11312500000000003 0.12050200000000008
