2 0.025390625 0.5491672767203514 0.050833 0.21125
2 0.0751953125 0.8493411420204977 0.151667 0.29875000000000007
2 0.081432625 0.2413726207906296 0.145 0.37999999999999995
2 0.1319404375 0.5467715959004392 0.186666 0.26374999999999993
2 0.24640625 0.9113836017569547 0.258333 0.17375
2 0.198411125 0.09659773060029282 0.16166700000000003 0.17625
2 0.2450390625 0.29016288433382137 0.20666700000000002 0.29375
2 0.284921875 0.6043704245973646 0.216667 0.41874999999999996
2 0.3273564375 0.1451281112737921 0.123334 0.27749999999999997
2 0.4009248125 0.8972748901903368 0.22916599999999998 0.2025
2 0.440390625 0.08931185944363104 0.17583300000000007 0.18
2 0.411640625 0.2803825036603221 0.11499999999999999 0.19374999999999998
2 0.462578125 0.6293649341142021 0.16166699999999995 0.5225
2 0.4828125 0.18491398243045387 0.141667 0.2725
2 0.5722001875 0.9093118594436309 0.17916699999999997 0.1787500000000001
2 0.5947265625 0.1171303074670571 0.18999999999999995 0.235
2 0.632213875 0.5192606149341141 0.24666599999999994 0.46875
2 0.6791533125 0.8206954612005858 0.308334 0.35374999999999995
2 0.7843359375 0.18041178623718887 0.265 0.315
2 0.8980859375 0.8240172035139093 0.20166700000000004 0.34750000000000003
2 0.8908203125 0.6503074670571011 0.18333299999999997 0.26249999999999996
2 0.9074873125 0.34405197657393854 0.1825 0.36499999999999994
