0 0.5706705710102489 0.8764716875 0.15000000000000008 0.101333
0 0.020497803806734993 0.427625 0.042 0.03200000000000003
0 0.024890190336749635 0.45153125 0.049999999999999996 0.03999999999999998
0 0.03074670571010249 0.72201075 0.064 0.05599999999999994
0 0.043923865300146414 0.7845654375 0.09 0.093333
0 0.15659443631039532 0.2837001875 0.24000000000000002 0.05466700000000002
0 0.07967496339677892 0.4326015625 0.07000000000000002 0.034667
0 0.1712064421669107 0.6217295 0.148 0.0786659999999999
0 0.1796749633967789 0.5059345625 0.06800000000000002 0.034667
0 0.26085212298682287 0.4896533125 0.094 0.057333999999999996
0 0.2644597364568082 0.454292 0.086 0.03200000000000003
0 0.3245270863836017 0.6533720625 0.16200000000000003 0.08133400000000002
0 0.3138857979502196 0.6022734375 0.13200000000000006 0.06133300000000008
0 0.43901610541727676 0.859796875 0.368 0.18533299999999997
0 0.36299560761347 0.4870810625 0.08399999999999998 0.049333000000000016
0 0.3733879941434846 0.4559814375 0.09200000000000001 0.029334000000000027
0 0.5620204978038068 0.25401075 0.286 0.055999999999999994
0 0.7419443631039532 0.3646591875 0.374 0.08533299999999999
0 0.6908521229868229 0.49125 0.09399999999999992 0.06266699999999997
0 0.7560292825768666 0.5022734375 0.12199999999999994 0.06133299999999997
0 0.7631010248901903 0.5372216875 0.11599999999999992 0.03733300000000006
0 0.830172767203514 0.4557939375 0.10999999999999999 0.045333999999999985
0 0.8737423133235726 0.6217295 0.14599999999999977 0.0786659999999999
0 0.8654934114202051 0.49648925 0.12400000000000001 0.07066700000000004
0 0.9324216691068815 0.68011425 0.12999999999999995 0.10266699999999995
0 0.9795695461200584 0.6278876875 0.036000000000000115 0.03866700000000001
