1 0.32421875 0.5293901956769056 0.11875000000000002 0.105608
1 0.02734375 0.9466393799772468 0.055625 0.06555000000000007
1 0.1385546875 0.3595075699658703 0.06875 0.09759699999999998
1 0.1562109375 0.6199796313993173 0.045625 0.08375800000000001
1 0.16234375 0.6696927542662117 0.05562499999999998 0.054624999999999944
1 0.190703125 0.32232615927189984 0.03687499999999999 0.039330000000000025
1 0.21546875 0.37813072354948807 0.05562500000000001 0.06336499999999999
1 0.299453125 0.4218252263936291 0.0675 0.09978199999999998
1 0.395859375 0.457651944254835 0.07500000000000001 0.08739999999999998
1 0.453828125 0.7974581035267349 0.06749999999999995 0.12672999999999998
1 0.4765625 0.19631866211604096 0.046875 0.07574700000000001
1 0.503359375 0.9015736928327646 0.07500000000000001 0.06846300000000004
1 0.5184375 0.5502347599544938 0.07937499999999997 0.12818600000000002
1 0.5310546875 0.2851272571103527 0.06937500000000002 0.09249799999999998
1 0.533671875 0.1629962878270762 0.05874999999999997 0.08448699999999998
1 0.5827734375 0.06257110352673492 0.09250000000000003 0.126001
1 0.5734765625 0.9171870364050057 0.06499999999999995 0.06700699999999996
1 0.6198828125 0.8747150056882822 0.07250000000000001 0.07501800000000003
1 0.6608984375 0.4292833549488055 0.09250000000000003 0.14420999999999992
1 0.8940234375 0.9025726313993173 0.06187500000000001 0.08303000000000003
1 0.9258203125 0.23777975995449374 0.057499999999999996 0.12891499999999997
1 0.9647265625 0.8748482263936291 0.06625000000000003 0.0997810000000001
1 0.98375 0.3889180056882821 0.03125 0.07356100000000002
