2 0.56 0.544167 0.15750000000000003 0.25249999999999995
2 0.236484375 0.31765625000000003 0.136875 0.19583299999999995
2 0.3040625 0.46703158333333333 0.14249999999999996 0.20833300000000002
2 0.281875 0.16187533333333334 0.09562500000000002 0.13749999999999998
2 0.400859375 0.0615625 0.13687499999999997 0.07916699999999999
2 0.4194921875 0.61244825 0.14750000000000002 0.22833299999999998
2 0.495546875 0.22885416666666666 0.15375 0.19333299999999998
2 0.5289453125 0.046875 0.08937499999999998 0.09500000000000001
2 0.698125 0.4468753333333333 0.15749999999999997 0.261666
2 0.65625 0.06802116666666667 0.0625 0.06833299999999999
2 0.71484375 0.14026075000000002 0.11750000000000005 0.11750000000000001
2 0.7703125 0.28583333333333333 0.1412500000000001 0.16916700000000004
