1 0.0625 0.7673961666666668 0.125 0.16333299999999987
1 0.28125 0.28338508333333334 0.563125 0.566667
1 0.1719921875 0.7770309166666668 0.085625 0.1224999999999999
1 0.2451953125 0.64119825 0.11999999999999997 0.16500000000000004
1 0.2336328125 0.79744825 0.07250000000000001 0.10333299999999997
1 0.3408203125 0.9754684166666667 0.05812499999999998 0.04583400000000001
1 0.4095703125 0.6093753333333334 0.12 0.13583299999999987
1 0.447890625 0.48432291666666666 0.11375000000000002 0.15500000000000003
1 0.4386328125 0.9326038333333333 0.07249999999999995 0.09083400000000008
1 0.555078125 0.5113020833333334 0.09812500000000002 0.12916700000000003
1 0.769140625 0.08463541666666667 0.395625 0.171667
1 0.653359375 0.19796841666666665 0.13687500000000008 0.17166700000000001
1 0.6558203125 0.51494825 0.0893750000000001 0.10333300000000005
1 0.762890625 0.6766149166666667 0.05249999999999999 0.06083299999999999
1 0.783515625 0.5985934166666667 0.05124999999999991 0.07750000000000005
1 0.80078125 0.4705729166666666 0.07125000000000004 0.09249999999999996
1 0.8205859375 0.6941149166666666 0.04625000000000001 0.061666000000000075
1 0.902265625 0.43895833333333334 0.051875000000000004 0.07416700000000002
1 0.9041796875 0.4863024166666667 0.03874999999999995 0.04666600000000002
1 0.9103125 0.5422913333333333 0.046875 0.07416699999999994
