2 0.48380187976539596 0.6328125 0.24390299999999993 0.14249999999999996
2 0.2434017595307918 0.29296875 0.48968100000000003 0.58625
2 0.49853372434017595 0.8061328125 0.9981239999999999 0.385
2 0.11641912316715543 0.317578125 0.21576 0.16125
2 0.2979675601173021 0.6812890625 0.38086299999999995 0.20625000000000004
2 0.23151195014662754 0.3971484375 0.22514100000000006 0.15499999999999997
2 0.2654565718475073 0.5409765625 0.208255 0.1275
2 0.27371753958944284 0.2326171875 0.178236 0.11625000000000002
2 0.3806763607038123 0.1383203125 0.270168 0.12000000000000001
2 0.385421431085044 0.2983203125 0.24953099999999998 0.12000000000000002
2 0.4818960410557185 0.480078125 0.4052530000000001 0.16125
2 0.4568255718475073 0.388515625 0.21013200000000004 0.08375000000000005
2 0.5280739120234604 0.2028515625 0.27767299999999995 0.09624999999999997
2 0.5193060967741935 0.33421875 0.099437 0.08625
2 0.7379547917888563 0.2763671875 0.5196999999999999 0.55375
2 0.5940703343108504 0.14203125 0.153846 0.04000000000000001
2 0.6535239882697946 0.2493359375 0.17073200000000002 0.14
2 0.7573299765395894 0.53125 0.3414629999999999 0.18874999999999997
2 0.7648648152492667 0.4048046875 0.18011300000000008 0.10125
