2 0.74328125 0.40015591666666667 0.19562500000000005 0.27999999999999997
2 0.232734375 0.6101041666666667 0.16875 0.256667
2 0.343515625 0.39755241666666663 0.11375000000000002 0.23416599999999999
2 0.418671875 0.8020836666666668 0.15375 0.1483329999999999
2 0.4727734375 0.17973991666666667 0.21687500000000004 0.3425
2 0.5286328124999999 0.48682325 0.23000000000000004 0.445833
2 0.6780859375 0.8211461666666667 0.23375 0.34916599999999987
2 0.60578125 0.2896878333333333 0.07124999999999992 0.151666
2 0.6590625 0.3480205 0.07874999999999999 0.11166700000000003
2 0.703359375 0.5948961666666667 0.07499999999999996 0.161666
