0 0.6572784705882353 0.704140625 0.38417999999999985 0.23875000000000002
0 0.1524125882352941 0.8823828125 0.303201 0.22875
0 0.26570282352941177 0.3240234375 0.29661000000000004 0.155625
0 0.29788729411764703 0.660078125 0.32674200000000003 0.16062500000000002
0 0.37650700000000004 0.4033984375 0.35028200000000004 0.18625000000000003
0 0.4005871764705882 0.779140625 0.3060260000000001 0.17625000000000002
0 0.490307294117647 0.611015625 0.1779660000000001 0.0837500000000001
0 0.5444857058823529 0.220234375 0.27495300000000006 0.16874999999999998
0 0.7610471176470589 0.228203125 0.32109299999999996 0.12937500000000002
0 0.7391683529411764 0.3103515625 0.264595 0.128125
0 0.9062060588235296 0.35359375 0.18549899999999983 0.14875
