1 0.3769921875 0.769583 0.14749999999999996 0.18833399999999992
1 0.1628125 0.35286424999999993 0.11124999999999999 0.16416699999999998
1 0.1916796875 0.5223961666666667 0.131875 0.16333300000000003
1 0.25105468750000004 0.2857815833333333 0.10062499999999999 0.14333300000000002
1 0.2779296875 0.4019795 0.131875 0.14083299999999999
1 0.3119921875 0.5567705 0.14812500000000003 0.17250000000000001
1 0.2825390625 0.6872395833333332 0.08124999999999999 0.17583300000000004
1 0.2998046875 0.15624966666666668 0.10062500000000002 0.14666700000000002
1 0.3481640625 0.30062466666666665 0.08125000000000004 0.11583400000000003
1 0.3726953125 0.6431770833333333 0.08812500000000001 0.098333
1 0.3834765625 0.2006774166666667 0.09687499999999999 0.13916599999999998
1 0.3920703125 0.410833 0.08812500000000001 0.12750000000000003
1 0.45359375 0.29250000000000004 0.11875000000000002 0.12749999999999997
1 0.4604296875 0.5075003333333333 0.13124999999999998 0.16749999999999998
1 0.469296875 0.38911425 0.12187500000000001 0.10166700000000002
1 0.47140625 0.6518753333333334 0.10187499999999994 0.13666599999999995
1 0.4984375 0.18729166666666666 0.10999999999999999 0.11499999999999999
1 0.5258984375 0.7188538333333333 0.12437500000000001 0.15333399999999994
1 0.5362109374999999 0.3963545 0.07750000000000007 0.10999999999999995
1 0.5586328125 0.11536491666666666 0.10375000000000001 0.124166
1 0.56578125 0.3062496666666667 0.10312500000000002 0.14583399999999994
1 0.5884765625 0.5563538333333333 0.12812499999999993 0.151667
1 0.5865234375 0.21807291666666664 0.09312500000000001 0.09166699999999998
1 0.606875 0.47942675 0.09437499999999999 0.11749999999999994
1 0.6119140625 0.705833 0.08124999999999993 0.12749999999999995
1 0.615625 0.3478649166666667 0.0625 0.12249999999999998
1 0.64953125 0.17114550000000003 0.10187500000000005 0.1425
1 0.654375 0.28499966666666665 0.0625 0.08416700000000003
1 0.6831640625 0.38890625 0.11187500000000006 0.134167
1 0.6962109375 0.11307291666666668 0.07625000000000004 0.093333
1 0.7196875 0.6385413333333334 0.109375 0.13749999999999987
1 0.7325 0.22291633333333336 0.09562499999999996 0.10499999999999998
1 0.7663671875 0.3216145833333333 0.11624999999999996 0.14333300000000002
1 0.7807421875 0.5048961666666667 0.11624999999999996 0.161666
1 0.798828125 0.6043225833333333 0.06687500000000002 0.11333400000000005
1 0.8494140625 0.3863545 0.08125000000000004 0.10999999999999995
1 0.868828125 0.4835413333333333 0.09812500000000002 0.13750000000000004
