2 0.9179691875 0.6607925873715125 0.11718700000000004 0.2246700000000001
2 0.24121075 0.27019129368575623 0.11816400000000002 0.11306899999999996
2 0.33593775 0.31277529368575624 0.05566400000000005 0.111601
2 0.43164075 0.3582965844346549 0.14941399999999994 0.18502200000000002
2 0.5410160625 0.6563873010279001 0.14355399999999996 0.21439100000000008
2 0.535156375 0.4302495888399412 0.10644500000000001 0.24669599999999997
2 0.5800779375 0.21879586637298087 0.13867200000000002 0.129222
2 0.59765625 0.5976510117474303 0.13378900000000005 0.16739999999999997
2 0.611327875 0.49779744199706316 0.15234400000000003 0.18942699999999996
2 0.617187875 0.32892800881057266 0.154296 0.124816
2 0.62890625 0.3964761497797357 0.10253900000000005 0.09838400000000004
