1 0.2910940833333333 0.5215234375 0.034166000000000064 0.030625000000000013
1 0.3301559166666666 0.89984375 0.029167000000000016 0.023749999999999938
1 0.3643229166666666 0.93546875 0.029167000000000016 0.02375000000000005
1 0.39869825 0.8861328125 0.04083300000000004 0.04249999999999998
1 0.4565621666666666 0.8991015625 0.036667000000000005 0.034375000000000044
1 0.49041700000000005 0.4168359375 0.06333299999999993 0.04562500000000003
1 0.50119825 0.4751953125 0.040832999999999973 0.025624999999999953
1 0.5367705 0.4229296875 0.04833400000000002 0.03750000000000003
1 0.7133333333333334 0.4911328125 0.04249999999999998 0.04124999999999995
1 0.9634375 0.3314453125 0.047500000000000174 0.02562500000000001
1 0.982292 0.368671875 0.03250000000000005 0.06
