2 0.1576285 0.5697318125 0.11111099999999999 0.10457499999999997
2 0.0390625 0.3291399375 0.080065 0.13888900000000004
2 0.0546875 0.5487513749999999 0.109477 0.13725499999999996
2 0.0546875 0.4396126875 0.111111 0.132353
2 0.14547549999999998 0.34255025 0.14215700000000003 0.13398700000000002
2 0.170227875 0.4349530625 0.18464099999999997 0.17483700000000002
2 0.3342843125 0.49543025 0.18300699999999998 0.165032
2 0.3661220625 0.371999625 0.11274499999999998 0.11437999999999998
2 0.4010349375 0.565372125 0.13888899999999998 0.16176500000000005
2 0.484069 0.359924375 0.125817 0.106209
2 0.4805010625 0.4490975625 0.11274499999999998 0.12745099999999998
2 0.53755575 0.57421875 0.181373 0.150327
2 0.5944458125 0.4066135625 0.166667 0.12745099999999998
2 0.6009818125 0.5046525625 0.166667 0.12745099999999998
2 0.7764186875 0.6196324375 0.19444400000000006 0.15522800000000003
2 0.75921625 0.5408621250000001 0.13398699999999997 0.161765
2 0.765790625 0.4190856875 0.11437900000000001 0.09967299999999996
2 0.878817375 0.5150948125 0.137254 0.135621
2 0.88013125 0.4295663125 0.13398699999999997 0.08823500000000001
2 0.9301278125 0.6349383125 0.135621 0.183006
2 0.965891 0.4524039375 0.06372499999999992 0.10784299999999997
2 0.968838875 0.57095075 0.05882399999999999 0.15032700000000004
