1 0.18269817182817183 0.7833984375 0.345268 0.3743749999999999
1 0.07492507492507493 0.94703125 0.150256 0.10312500000000002
1 0.19412813786213787 0.6175 0.276215 0.156875
1 0.30746010989010986 0.97765625 0.22058899999999998 0.04062500000000002
1 0.3720790869130869 0.892421875 0.174553 0.18437499999999996
1 0.5246901538461539 0.74296875 0.30946299999999993 0.275
1 0.500036088911089 0.5824609375 0.17966799999999994 0.07687499999999992
1 0.5944241308691308 0.9371484375 0.263427 0.12312500000000004
1 0.6212410739260739 0.5486718749999999 0.14833700000000008 0.12125000000000002
1 0.6983251228771228 0.9786328125 0.24616300000000005 0.04125000000000001
1 0.7347691388611389 0.672421875 0.27813299999999996 0.24625000000000008
1 0.646978013986014 0.371484375 0.029412000000000015 0.044375
1 0.654970021978022 0.3872265625 0.04539700000000003 0.065
1 0.693253035964036 0.3941796875 0.07352900000000001 0.07
1 0.8302361678321679 0.889375 0.33695699999999995 0.219375
1 0.738690028971029 0.4119921875 0.059463000000000016 0.05437500000000001
1 0.778172024975025 0.4248828125 0.05115099999999996 0.04250000000000004
1 0.8120990339660339 0.342890625 0.06969300000000002 0.05125000000000002
1 0.891060105894106 0.6035546875 0.212916 0.19500000000000006
1 0.836316031968032 0.424921875 0.06457800000000007 0.06
1 0.872801024975025 0.4151171875 0.05051199999999997 0.05312500000000003
1 0.8779160249750249 0.3412109375 0.050512000000000085 0.04625000000000001
1 0.8937400369630369 0.2741015625 0.07480900000000004 0.065
1 0.9338610649350649 0.7818359375 0.13043499999999997 0.23249999999999993
1 0.912003037962038 0.375703125 0.076726 0.03624999999999995
1 0.924991034965035 0.3329296875 0.07161099999999995 0.07
1 0.9439720539460539 0.433203125 0.10933500000000003 0.12937499999999996
1 0.9333030349650349 0.2334765625 0.07033200000000012 0.06625
1 0.980898017982018 0.3281640625 0.036445000000000005 0.080625
1 0.9827360159840159 0.2216015625 0.03260900000000002 0.06625
