2 0.1273828125 0.8207703278688524 0.07375000000000001 0.09846700000000003
2 0.15238281250000002 0.6752394300126103 0.10437499999999998 0.1065379999999999
2 0.16015625 0.7847032257250947 0.071875 0.09120199999999995
2 0.2178515625 0.7405636683480453 0.0975 0.12590800000000005
2 0.2351171875 0.8324237490542244 0.05312500000000003 0.05649700000000007
2 0.2478125 0.6647986469104666 0.07874999999999999 0.04842699999999997
2 0.3027734375 0.7940338045397226 0.09187499999999998 0.13397900000000004
2 0.304453125 0.6905758852459016 0.06812499999999999 0.06779600000000006
2 0.3453125 0.6674720895334173 0.046875 0.08232400000000002
2 0.40625 0.7281554640605297 0.09437499999999999 0.10976600000000002
2 0.4090625 0.8290942257250946 0.08000000000000002 0.09281599999999994
2 0.417734375 0.6786700214375788 0.075625 0.07748199999999998
2 0.4465625 0.7812223278688524 0.04812500000000003 0.10008100000000002
