1 0.4691015625 0.36541666666666667 0.22187499999999993 0.273333
1 0.5161328125 0.161667 0.07374999999999998 0.125
1 0.5691015625 0.29749966666666666 0.06562500000000004 0.08583400000000004
1 0.6033984375 0.4597399166666667 0.09312500000000001 0.09249999999999996
1 0.595 0.1813545 0.06374999999999997 0.11166599999999997
1 0.6900390625 0.3398958333333333 0.20624999999999993 0.24500000000000008
1 0.66640625 0.84390625 0.13437500000000002 0.134167
1 0.6553515625 0.19119758333333334 0.06624999999999992 0.08250000000000002
1 0.6833984375 0.72546875 0.06187500000000001 0.088333
1 0.7727734375 0.7343746666666666 0.0931249999999999 0.05333399999999999
1 0.7923046875 0.817708 0.13187499999999996 0.09416699999999996
