1 0.271484375 0.15313465390279823 0.075625 0.11226400000000002
1 0.057265625 0.055964653902798235 0.115 0.113208
1 0.046367187500000004 0.2066567025036819 0.08562499999999999 0.14811299999999997
1 0.0901953125 0.15274134315169366 0.057499999999999996 0.06981100000000001
1 0.1017578125 0.5819863431516936 0.041874999999999996 0.06981199999999994
1 0.2208203125 0.12041439175257732 0.057499999999999996 0.10471699999999996
1 0.379296875 0.45612203240058913 0.02812500000000001 0.024528000000000015
1 0.3893359375 0.4106548026509573 0.04625000000000001 0.04056599999999998
1 0.4680078125 0.49809206480117824 0.04125000000000001 0.047169999999999934
1 0.46546875 0.34673481885125185 0.024375000000000036 0.05283000000000003
1 0.5200390625 0.45563906480117816 0.01937500000000003 0.047170000000000024
1 0.658125 0.04744780265095729 0.03187499999999999 0.040566
1 0.6926171875 0.039072310751104566 0.021874999999999978 0.04434
1 0.7291015625 0.1696068350515464 0.03374999999999995 0.06320800000000003
1 0.7564453125 0.10817132695139911 0.02562500000000001 0.056602999999999994
