2 0.21196509784735812 0.4448046875 0.142142 0.09999999999999998
2 0.22707046771037181 0.5525390625 0.11459000000000004 0.11249999999999999
2 0.27442620352250485 0.3501953125 0.13337500000000002 0.11937499999999995
2 0.2707078884540117 0.65796875 0.12022500000000001 0.14875000000000005
2 0.3377078884540118 0.74984375 0.1196 0.11812499999999992
2 0.35727678277886493 0.27347656249999996 0.128365 0.12812500000000002
2 0.42940341487279843 0.806796875 0.11772100000000005 0.12250000000000005
2 0.4570720469667319 0.21421875 0.10770199999999999 0.1175
2 0.5272819941291585 0.8295703125 0.11271099999999991 0.11937500000000001
2 0.5656358884540118 0.1956640625 0.11959900000000002 0.11312499999999998
2 0.6288402035225049 0.7853125 0.13337500000000002 0.140625
2 0.6616354677103717 0.255546875 0.11459000000000004 0.1225
2 0.7099294148727985 0.713125 0.11834700000000004 0.12624999999999997
2 0.7257016242661448 0.3414453125 0.14026300000000003 0.150625
2 0.7929761506849314 0.64015625 0.13713300000000006 0.13375000000000004
2 0.8008420469667319 0.441015625 0.10770200000000005 0.114375
2 0.8335599412915852 0.5354296875 0.11646800000000002 0.13124999999999998
