1 0.18921875 0.7902814705882353 0.08625000000000002 0.132769
1 0.06921875 0.9469505882352942 0.05625 0.10357799999999984
1 0.1155078125 0.9763322352941177 0.10375000000000001 0.04331399999999987
1 0.14597656250000002 0.898875294117647 0.06499999999999999 0.07721300000000009
1 0.1909375 0.8999973529411764 0.078125 0.06308800000000006
1 0.1716796875 0.9612023529411765 0.03874999999999998 0.06402999999999996
1 0.2173046875 0.9255898235294118 0.06999999999999998 0.09416200000000004
1 0.2462890625 0.8483245294117647 0.080625 0.06967999999999994
1 0.2604296875 0.7230779411764706 0.06937500000000002 0.11581900000000005
1 0.281953125 0.9668523529411766 0.09937500000000002 0.0630879999999999
1 0.30609375 0.8838625882352942 0.05562499999999998 0.103578
1 0.305703125 0.7751108823529411 0.03687499999999999 0.080979
1 0.3228515625 0.579137705882353 0.065 0.07532899999999994
1 0.33875 0.6669294705882353 0.09500000000000003 0.134652
1 0.3611328125 0.9096351176470588 0.073125 0.12335200000000003
1 0.3728515625 0.4782569411764706 0.09625 0.11581899999999996
1 0.3545703125 0.7862298235294117 0.026875000000000038 0.09510400000000002
1 0.3946875 0.9216437647058824 0.078125 0.11111099999999999
1 0.3846875 0.7938161176470587 0.04812499999999997 0.12146899999999995
1 0.3764453125 0.6124538235294117 0.026874999999999982 0.045198000000000016
1 0.4016796875 0.39681223529411763 0.06937500000000002 0.09322000000000004
1 0.4377734375 0.26910076470588234 0.09187500000000004 0.11017000000000002
1 0.43875 0.6782294705882352 0.09437500000000004 0.13465100000000008
1 0.423046875 0.8187744117647058 0.027500000000000024 0.09887000000000011
1 0.4496875 0.7999414117647058 0.04874999999999996 0.09792900000000002
1 0.4679296875 0.4176444117647059 0.06937500000000002 0.09792799999999999
1 0.4730078125 0.4780245882352941 0.07250000000000001 0.10451900000000001
1 0.5055859375 0.6954108235294117 0.10875000000000001 0.14689299999999986
1 0.51171875 0.5494075294117647 0.08687500000000004 0.11770199999999997
1 0.525625 0.2931703529411765 0.0625 0.11393599999999997
1 0.542578125 0.4207540588235294 0.06687500000000002 0.13747700000000002
1 0.5437109375 0.06911764705882353 0.04625000000000001 0.13936
1 0.586328125 0.16246541176470589 0.09875 0.09887
1 0.5993359375 0.5346900588235295 0.10749999999999993 0.13559399999999996
1 0.5737890625 0.09131482352941177 0.050000000000000044 0.09510400000000002
1 0.6296875 0.3425255882352941 0.14250000000000007 0.20338900000000004
1 0.59578125 0.027941176470588237 0.07187499999999991 0.056497
1 0.6355078125 0.07205882352941176 0.073125 0.145009
1 0.6620703125 0.21643364705882354 0.05812499999999998 0.08851299999999995
1 0.6943359375 0.43823264705882353 0.10750000000000004 0.14030099999999993
1 0.6952734375 0.0894735294117647 0.09187499999999993 0.16854999999999998
1 0.7184765625 0.20777958823529413 0.06562499999999993 0.10451999999999996
1 0.7339453125 0.32901623529411766 0.0887500000000001 0.091337
1 0.73296875 0.022058823529411766 0.05500000000000005 0.046139
1 0.7676171875 0.11461188235294119 0.05437500000000006 0.129943
1 0.7997265625 0.2438985294117647 0.09625000000000006 0.16855
1 0.8027734375 0.041176470588235294 0.09250000000000003 0.084746
1 0.82703125 0.10208523529411764 0.10250000000000004 0.09227899999999999
1 0.876875 0.21436000000000002 0.09500000000000008 0.15065900000000002
