2 0.06640625 0.154296875 0.134375 0.09062500000000001
2 0.10800731250000001 0.2400390625 0.120313 0.11249999999999999
2 0.1259765625 0.08671875 0.06562499999999999 0.08750000000000001
2 0.1884770625 0.0486333125 0.08124900000000002 0.089062
2 0.2279296875 0.2732421875 0.13125 0.054686999999999986
2 0.20390625 0.1412104375 0.071875 0.092188
2 0.2373051875 0.0998041875 0.05468700000000001 0.05312600000000001
2 0.259375 0.1806645625 0.09531300000000001 0.06562400000000002
2 0.278515125 0.1171875 0.098438 0.11093800000000001
2 0.2826171875 0.043359375 0.08593700000000001 0.075
2 0.3416010625 0.2705078125 0.11250100000000002 0.073438
2 0.323046875 0.11015625 0.05937500000000001 0.070313
2 0.337109375 0.1564448125 0.07500000000000001 0.073438
2 0.36796825 0.0654296875 0.07031300000000001 0.070312
2 0.42890675 0.1083984375 0.087499 0.09218699999999999
2 0.444922375 0.229296875 0.10624900000000004 0.09062500000000001
2 0.462109375 0.1544921875 0.07500000000000001 0.085937
2 0.86015625 0.864453125 0.22812500000000002 0.223437
