0 0.846260875 0.7801855833333332 0.122857 0.14476200000000006
0 0.5920811875 0.4187124166666667 0.054285999999999945 0.07809599999999994
0 0.59953125 0.5079466666666667 0.040000000000000036 0.053333
0 0.63020075 0.5443301666666667 0.05571400000000004 0.06857200000000001
0 0.649821 0.47194916666666664 0.06428600000000007 0.06857200000000001
0 0.645390625 0.3959750833333333 0.05142900000000006 0.034285000000000045
0 0.6497493125 0.43115375 0.05857100000000004 0.055237999999999975
0 0.6762218125 0.5484523333333332 0.042857000000000034 0.04190500000000016
0 0.6977235 0.4581104999999999 0.04857099999999992 0.08000000000000007
0 0.7166015625 0.5732143333333334 0.03428600000000004 0.04380899999999999
0 0.7426063125 0.5050293333333333 0.057143000000000055 0.074286
0 0.755536 0.6069936666666668 0.06428500000000004 0.05333399999999999
0 0.786964 0.53801325 0.06285700000000005 0.07238100000000003
0 0.7862945 0.4723585833333333 0.047143000000000046 0.05142900000000002
0 0.8023155625 0.60238825 0.03428599999999993 0.040000000000000036
0 0.8356086875 0.4686458333333334 0.07000000000000006 0.05904799999999999
0 0.830055375 0.51325125 0.044285999999999937 0.07238099999999996
0 0.8390788125 0.5788320833333334 0.04285799999999995 0.03619000000000002
