1 0.7685546875 0.8859375 0.19374999999999998 0.17343699999999995
1 0.187109375 0.5607421875 0.23124999999999998 0.11562499999999998
1 0.2044921875 0.40390625 0.210937 0.10312499999999997
1 0.21640575 0.250390625 0.212501 0.114063
1 0.220312 0.1193359375 0.21875099999999997 0.10937499999999999
1 0.2212885625 0.8541015625 0.221875 0.19062499999999993
1 0.4341801875 0.1697260625 0.14843700000000004 0.2375
1 0.5357421875 0.688672375 0.14843699999999993 0.16874999999999996
1 0.6294921875 0.14921825 0.11718699999999993 0.22812500000000002
1 0.6513671875 0.3986333125 0.14843700000000004 0.12031199999999997
1 0.7416015625 0.5216801875 0.15937500000000004 0.11718700000000004
1 0.780078125 0.64609375 0.160937 0.11875000000000002
1 0.8062495 0.1458979375 0.140625 0.23281300000000002
1 0.81953125 0.375 0.1343749999999999 0.125
