1 0.6128515625 0.7850213689604685 0.22125000000000006 0.2823640000000001
1 0.0888671875 0.8753318228404099 0.17875 0.24671699999999996
1 0.1406640625 0.6902753689604685 0.20625000000000002 0.2833020000000001
1 0.23921875 0.9417160248901904 0.15 0.11444699999999992
1 0.432578125 0.9001606325036603 0.22437500000000005 0.19699799999999995
1 0.4586328125 0.7291127979502197 0.10375000000000001 0.133208
1 0.59640625 0.9755840614934114 0.10249999999999992 0.04690400000000002
1 0.774921875 0.9417160248901904 0.21499999999999997 0.11444699999999992
1 0.7641796875 0.8160571844802341 0.09999999999999998 0.14258900000000008
1 0.893203125 0.9032722459736456 0.161875 0.18949399999999997
1 0.984296875 0.9371402825768668 0.028750000000000053 0.1219509999999999
