2 0.491171875 0.37975886530014646 0.09062500000000001 0.08911800000000003
2 0.330390625 0.27405347877013175 0.020625000000000004 0.08067499999999998
2 0.353359375 0.18489131918008786 0.04375000000000001 0.05347100000000001
2 0.3450390625 0.25771954612005854 0.01874999999999999 0.03658500000000002
2 0.3596875 0.3648189633967789 0.046875 0.06848100000000001
2 0.35828125 0.2901848345534407 0.04062500000000002 0.06472800000000001
2 0.36203125 0.22657919033674964 0.03937499999999999 0.050655999999999965
2 0.3791796875 0.13055241727672035 0.03812500000000002 0.034709000000000025
2 0.3893359375 0.30226557686676425 0.044999999999999984 0.06003800000000004
2 0.3870703125 0.35017767496339675 0.026874999999999982 0.03846200000000003
2 0.3856640625 0.2087551903367496 0.019374999999999976 0.051594999999999974
2 0.39765625 0.2536689326500732 0.040000000000000036 0.04409000000000005
2 0.4028125 0.39115606149341137 0.04749999999999999 0.04971799999999999
2 0.3989453125 0.3653720307467057 0.02562500000000001 0.02345199999999997
2 0.428984375 0.28245231918008784 0.04375000000000001 0.05534700000000003
2 0.4309375 0.3382111903367496 0.04750000000000004 0.05253300000000002
2 0.437109375 0.3789610614934114 0.04312499999999997 0.048779999999999976
2 0.452109375 0.39948480380673496 0.04375000000000001 0.042213999999999974
2 0.4546484375 0.18132267496339677 0.030625000000000013 0.040338
2 0.46078125 0.2314967057101025 0.03937500000000005 0.061914
2 0.471640625 0.3185553499267936 0.05125000000000002 0.07692299999999996
2 0.472734375 0.5734426749633968 0.012500000000000011 0.040337999999999936
2 0.4953125 0.4637308345534407 0.04750000000000004 0.06566599999999999
2 0.49921875 0.17047754612005855 0.05624999999999997 0.03658500000000002
2 0.5028125 0.21607583455344068 0.04749999999999999 0.064728
2 0.51484375 0.2588860614934114 0.05499999999999999 0.047841999999999996
2 0.50046875 0.3145306749633968 0.024375000000000036 0.03846199999999999
2 0.5244140625 0.2942354480234261 0.050000000000000044 0.05722299999999998
2 0.5137890625 0.6021108038067351 0.01937500000000003 0.042213999999999974
2 0.5208984375 0.381477448023426 0.02937500000000004 0.058161
2 0.5358203125 0.503655963396779 0.05687500000000001 0.06754199999999994
2 0.541015625 0.4483089633967789 0.05125000000000002 0.06941900000000002
2 0.5352734375 0.346013803806735 0.02937500000000004 0.04315199999999995
2 0.5454296875 0.2085708345534407 0.03749999999999998 0.066604
2 0.572890625 0.5181398345534407 0.05125000000000002 0.06472800000000001
2 0.5673046875 0.35944541727672036 0.038125000000000075 0.034709000000000025
2 0.5781640625 0.30196796339677895 0.050000000000000044 0.06754199999999998
2 0.5662890625 0.615244803806735 0.01937500000000003 0.041276
2 0.5849609375 0.4651949633967789 0.04625000000000001 0.06941799999999997
2 0.5888671875 0.2668460922401171 0.05312499999999998 0.07317100000000001
2 0.594140625 0.18672315959004393 0.020625000000000004 0.02814300000000001
2 0.6029296875 0.36841354612005855 0.03749999999999998 0.036585999999999994
2 0.6093359375 0.4418120614934114 0.04499999999999993 0.049719000000000006
2 0.6086328125 0.20886944802342602 0.04125000000000001 0.057223
2 0.6134375 0.26822290190336745 0.046875 0.02063800000000004
2 0.601015625 0.5084871595900439 0.019999999999999907 0.029080000000000033
2 0.618984375 0.3268399326500732 0.043749999999999956 0.04409000000000001
2 0.61828125 0.2395979326500732 0.04062500000000002 0.04409000000000001
2 0.618828125 0.1808407057101025 0.03562500000000002 0.06191400000000002
2 0.62421875 0.6997419019033675 0.024374999999999925 0.020637999999999917
2 0.627421875 0.36882541727672036 0.02749999999999997 0.03471
2 0.635390625 0.6673649326500731 0.020625000000000004 0.044090000000000094
2 0.6413671875 0.36965015959004394 0.023125000000000062 0.02907999999999999
2 0.6452734375 0.30631619033674967 0.030625000000000013 0.052532999999999976
2 0.6445703125 0.5839460307467057 0.02562500000000001 0.025328000000000045
2 0.6548828125 0.2101050614934114 0.04125000000000001 0.04784299999999999
2 0.65765625 0.2746487057101025 0.039999999999999925 0.06378999999999999
2 0.6586328125 0.35656031918008785 0.0412499999999999 0.05347099999999995
2 0.6539453125 0.5550925461200585 0.02562500000000001 0.036586000000000035
2 0.684609375 0.5812193499267935 0.07562500000000005 0.07879900000000012
2 0.673984375 0.5680863499267935 0.04375000000000007 0.07879899999999995
2 0.68234375 0.512054803806735 0.05499999999999994 0.042213999999999974
2 0.674921875 0.19464003074670572 0.028124999999999956 0.02626599999999998
2 0.68328125 0.5281160614934114 0.040000000000000036 0.04784300000000005
2 0.6874609375 0.23536396339677892 0.04625000000000001 0.06754199999999998
2 0.6809375 0.6995585461200585 0.01750000000000007 0.03658500000000006
2 0.6902734375 0.3062019326500732 0.02937499999999993 0.045028000000000026
2 0.6952734375 0.4624069019033675 0.02937499999999993 0.02251399999999995
2 0.717890625 0.42639119033674966 0.05125000000000002 0.052532999999999934
2 0.7187109375 0.26943257686676425 0.045624999999999916 0.060038
2 0.728046875 0.5599409633967789 0.06000000000000005 0.06848099999999997
2 0.7171484375 0.32420928843338215 0.02937500000000004 0.03095700000000004
2 0.720078125 0.4688327057101025 0.03562500000000002 0.06378999999999994
2 0.7183984375 0.22488654612005857 0.02937500000000004 0.03658500000000002
2 0.7319140625 0.6303421229868228 0.04999999999999993 0.09662300000000003
2 0.739296875 0.48478070571010246 0.028125000000000067 0.06285199999999998
2 0.7374609375 0.7405359326500732 0.014375000000000027 0.04596600000000004
2 0.750703125 0.3267256749633968 0.036250000000000004 0.03846200000000003
2 0.7671875 0.28350357686676425 0.046875 0.05910000000000003
2 0.769140625 0.6324024787701318 0.05249999999999999 0.08161299999999996
2 0.789296875 0.40342115959004393 0.05874999999999997 0.029081000000000006
2 0.79109375 0.5780635768667642 0.05499999999999994 0.06003699999999999
2 0.7884375 0.5331046749633968 0.04874999999999996 0.0403380000000001
2 0.7859765625 0.2633917057101025 0.03437499999999993 0.061914
2 0.78875 0.04248567496339678 0.03312500000000007 0.040338
2 0.789296875 0.11307019033674963 0.028124999999999956 0.05065699999999998
2 0.7902734375 0.7873698345534407 0.02937500000000004 0.06660500000000001
2 0.7925 0.4415144480234261 0.03312500000000007 0.05722299999999998
2 0.80671875 0.35454412298682286 0.05499999999999994 0.09380900000000002
2 0.8062890625 0.6725820614934114 0.050000000000000044 0.04971800000000003
2 0.79859375 0.7471730307467057 0.024375000000000036 0.02345200000000001
2 0.80875 0.6579849326500732 0.032500000000000084 0.04409000000000001
2 0.81703125 0.12016331918008784 0.03937500000000005 0.054408999999999985
2 0.81546875 0.7687490307467058 0.024375000000000036 0.02438999999999982
2 0.818671875 0.07104054612005857 0.028124999999999956 0.03658499999999999
2 0.81921875 0.044361674963396776 0.024375000000000036 0.040338000000000006
2 0.8376171875 0.6543903499267936 0.053749999999999964 0.07879900000000004
2 0.8212890625 0.576599448023426 0.018124999999999947 0.05816100000000004
2 0.84015625 0.5102229633967789 0.03937499999999994 0.06941799999999997
2 0.8445703125 0.3624437730600293 0.026874999999999982 0.01969900000000005
2 0.853203125 0.13629467496339678 0.036250000000000004 0.04033699999999999
2 0.8603125 0.5571269633967789 0.04874999999999996 0.06848
2 0.871875 0.6012870614934114 0.0631250000000001 0.04971900000000009
2 0.8665625 0.6800860614934114 0.04874999999999996 0.04784299999999997
2 0.8614453125 0.7697311903367496 0.026874999999999982 0.052532000000000044
2 0.870625 0.07584480380673499 0.03187499999999999 0.04127600000000001
2 0.8862109375 0.4843688345534407 0.04625000000000001 0.06472799999999992
2 0.8789453125 0.1634986749633968 0.02562500000000001 0.040338
2 0.8977734375 0.6525143499267935 0.0618749999999999 0.07879900000000012
2 0.88875 0.06039699414348463 0.03187499999999999 0.090995
2 0.9026953125 0.45968022108345535 0.057499999999999996 0.07504700000000004
2 0.895703125 0.11723506149341141 0.03562499999999991 0.04690400000000002
2 0.9028125 0.5474483499267936 0.04874999999999996 0.07879900000000004
2 0.9080859375 0.143386803806735 0.04625000000000001 0.042213999999999995
2 0.896640625 0.826129448023426 0.020625000000000004 0.057224000000000115
2 0.90375 0.19276403074670567 0.03312499999999996 0.02439000000000001
2 0.9070703125 0.7577637057101025 0.02562500000000001 0.06378999999999994
2 0.9219921875 0.17516754612005855 0.05437499999999995 0.036585999999999994
2 0.9458203125 0.56069560761347 0.05812499999999998 0.08255099999999994
2 0.9436328125 0.5138607057101025 0.041874999999999996 0.06285199999999998
2 0.95296875 0.6158140922401172 0.05499999999999994 0.07317099999999993
2 0.96421875 0.16015854612005856 0.024375000000000036 0.03658500000000002
2 0.9687890625 0.8284183191800878 0.018125000000000058 0.053471000000000074
2 0.9687890625 0.18274264421669106 0.01937500000000003 0.015009999999999997
2 0.983125 0.5510169941434846 0.03187499999999999 0.09286999999999998
2 0.9833984375 0.7594553499267936 0.030625000000000013 0.07880000000000001
2 0.987890625 0.6497252884333821 0.02124999999999999 0.031895000000000014
2 0.989140625 0.608677803806735 0.020000000000000018 0.042213999999999974
