1 0.6748046875 0.3138024166666667 0.28874999999999995 0.295
1 0.3462890625 0.21906283333333332 0.14375 0.24666600000000005
1 0.515625 0.5581770833333334 0.34375 0.346667
1 0.4685546875 0.048177083333333336 0.16375 0.096667
1 0.4640625 0.33911425 0.14125000000000004 0.10166699999999995
1 0.5001953125 0.16109375 0.21375000000000005 0.243333
1 0.7058984375 0.13442675 0.21749999999999992 0.24333399999999997
1 0.76875 0.56119825 0.1875 0.29000000000000004
1 0.7799609375 0.029947916666666668 0.10875000000000001 0.06
1 0.8419140625 0.20604166666666668 0.17500000000000004 0.303333
1 0.8989453125 0.08333333333333333 0.08875 0.166667
1 0.9316796875 0.6331246666666667 0.13250000000000006 0.24
1 0.9521484375 0.338333 0.09250000000000003 0.25166700000000003
1 0.96609375 0.19895866666666664 0.05625000000000002 0.11499999999999999
1 0.97109375 0.09494758333333335 0.05500000000000005 0.143334
