2 0.599609375 0.670313 0.13749999999999996 0.125
2 0.264062 0.6794921875 0.157813 0.11718700000000004
2 0.295312 0.702733875 0.18750000000000003 0.1218760000000001
2 0.2505864375 0.5609375 0.09374999999999997 0.140625
2 0.2951166875 0.60859425 0.13125099999999998 0.134374
2 0.3187495 0.71875 0.173438 0.12656199999999995
2 0.418359375 0.5662104375 0.1375 0.12343800000000005
2 0.441796375 0.60078125 0.16875099999999998 0.10156299999999996
2 0.46328075 0.7078125 0.11718799999999996 0.140625
2 0.47890575 0.6812495 0.11718799999999996 0.140625
2 0.4771484375 0.4912109375 0.09218799999999994 0.13906300000000005
2 0.5228515625 0.53671925 0.034375000000000044 0.10312500000000002
2 0.5560551875 0.5771489375000001 0.05468699999999993 0.17031199999999996
2 0.578125 0.757421375 0.09531199999999995 0.0750010000000001
2 0.5912114375 0.5107426875000001 0.09218699999999991 0.16250000000000003
2 0.6197265625 0.7943364375 0.09687499999999993 0.09218699999999991
2 0.633984875 0.5380864375000001 0.05937400000000004 0.15624999999999994
2 0.7156245 0.7421875 0.07968799999999998 0.20468699999999995
