2 0.61984375 0.5053733921568627 0.11749999999999994 0.10209200000000004
2 0.210390625 0.562791320261438 0.114375 0.172385
2 0.1990234375 0.36944754901960786 0.060624999999999984 0.06359899999999992
2 0.21421875 0.4463262026143791 0.08749999999999997 0.09958099999999999
2 0.2609375 0.3982116862745098 0.07937500000000003 0.07866100000000005
2 0.38421875 0.4531792549019608 0.1175 0.087866
2 0.381171875 0.5589790980392156 0.06 0.12635999999999997
2 0.48734375 0.3368612549019607 0.08749999999999997 0.08702900000000002
2 0.4910546875 0.43628420261437906 0.06937500000000002 0.09958100000000007
2 0.5223828125 0.24926265359477126 0.04250000000000009 0.03849399999999997
2 0.552109375 0.1392728431372549 0.07437499999999997 0.04100400000000002
2 0.5765234375 0.3963736666666666 0.09250000000000003 0.13389100000000004
2 0.6226171875 0.3329396862745098 0.053750000000000075 0.08033499999999998
2 0.683359375 0.27802082352941176 0.10562499999999997 0.09539799999999996
2 0.7325390625 0.31165287581699347 0.11312500000000003 0.08284499999999997
2 0.767421875 0.5096011307189543 0.15312499999999996 0.1673639999999999
2 0.7837890625 0.3834111176470588 0.08124999999999993 0.07280300000000002
2 0.799296875 0.2679301176470588 0.09124999999999994 0.07112999999999998
2 0.8376171875 0.3183468758169935 0.08437499999999998 0.08284499999999997
2 0.870625 0.39208528758169936 0.12624999999999997 0.13054400000000002
