1 0.7423046875 0.8038621844802343 0.13187499999999996 0.14165099999999992
1 0.2807421875 0.7346275402635432 0.11687500000000003 0.12664099999999995
1 0.4273046875 0.7316992825768668 0.13187500000000002 0.12101300000000009
1 0.5441015625000001 0.7297963440702783 0.09749999999999998 0.16697999999999993
1 0.6284765625 0.8075700248901904 0.09625000000000006 0.11538499999999999
1 0.6662109375 0.7119992825768668 0.10812499999999992 0.12101299999999984
1 0.7142578125 0.6187865095168376 0.073125 0.10412799999999997
1 0.7822265625 0.6831467979502196 0.09750000000000003 0.13320800000000008
1 0.84 0.6227670248901903 0.06437500000000007 0.11538499999999999
1 0.8802734375 0.530308896046852 0.09250000000000003 0.11350800000000007
1 0.946328125 0.8161003440702781 0.09812500000000002 0.1669800000000001
1 0.9475390625 0.6863285095168374 0.08062500000000006 0.10318999999999999
1 0.9578125 0.609800159590044 0.0475000000000001 0.028141999999999973
1 0.972265625 0.5537868345534408 0.05249999999999999 0.06660399999999995
