0 0.06098525 0.8088877056856187 0.102826 0.10752700000000003
0 0.0592976875 0.7162408160535116 0.069858 0.06899600000000011
0 0.0710164375 0.8910644960981048 0.092621 0.12276000000000001
0 0.0718744375 0.35414905128205126 0.062009999999999996 0.10394300000000001
0 0.1159855 0.4564981872909699 0.078493 0.11379899999999998
0 0.10976175 0.5504067424749164 0.056513999999999995 0.09498200000000004
0 0.15013937500000002 0.9291361505016722 0.07535299999999999 0.12813700000000003
0 0.171679 0.8112110401337792 0.094191 0.16935399999999998
0 0.24540675 0.8418445696767002 0.11774000000000001 0.095878
0 0.2452704375 0.3676324336677815 0.091837 0.08512499999999999
0 0.241209125 0.6942133968784838 0.066719 0.09856699999999995
0 0.2508019375 0.9352317056856186 0.07692299999999999 0.10842300000000005
0 0.271438 0.7085297056856188 0.064365 0.10752700000000003
0 0.3775403125 0.8811365072463768 0.089482 0.060035000000000026
0 0.39461675 0.7834744225195095 0.086343 0.15053800000000003
0 0.4153090625 0.6857748160535116 0.05023500000000003 0.06899600000000011
0 0.47709 0.48840229765886284 0.06357899999999994 0.07437299999999994
0 0.4784684375 0.8284459520624302 0.06200899999999998 0.079749
0 0.5738098125 0.9368679520624303 0.07299800000000001 0.07975
0 0.5890506875 0.773368988851728 0.09968600000000005 0.06541299999999992
0 0.6016284375 0.5727249777034559 0.0926220000000001 0.129928
0 0.597604625 0.6834190144927536 0.05180499999999999 0.11738400000000014
0 0.617938625 0.4685838416945373 0.08320300000000003 0.11917599999999999
0 0.6256335625 0.8730084336677815 0.06514900000000001 0.08512600000000001
0 0.6936935 0.7084873232998886 0.080063 0.12634399999999996
0 0.69999125 0.8696639520624303 0.072214 0.079749
0 0.699608125 0.8085131248606465 0.06671899999999997 0.07616500000000004
0 0.7099671875 0.5289017424749164 0.08477200000000007 0.09498200000000011
0 0.73613475 0.04905239687848383 0.05573000000000006 0.098566
0 0.840147625 0.7272540256410256 0.052590000000000026 0.051971000000000094
0 0.895073875 0.7220544704570792 0.06043999999999994 0.07347699999999997
0 0.91663225 0.5423841248606467 0.07221299999999997 0.07616499999999998
