2 0.865625 0.3722399166666666 0.09499999999999997 0.09333300000000004
2 0.10546875 0.8552600833333334 0.211875 0.2858340000000001
2 0.109375 0.17447916666666666 0.22 0.3499999999999999
2 0.1103515625 0.52578125 0.22125 0.3533330000000001
2 0.3416015625 0.17317708333333334 0.253125 0.348333
2 0.356015625 0.86088575 0.27 0.2750000000000001
2 0.36031250000000004 0.53713575 0.26625 0.3375000000000001
2 0.608828125 0.18218716666666668 0.25562500000000005 0.32
2 0.6290625000000001 0.52692675 0.26624999999999993 0.36833399999999994
2 0.6498046875 0.8605208333333333 0.2881250000000001 0.27666700000000005
2 0.8687890625 0.1696871666666667 0.23750000000000004 0.32
2 0.889375 0.51109375 0.219375 0.3675
2 0.8956640625 0.8508333333333332 0.20625000000000004 0.2941670000000001
