1 0.0693359375 0.19942674999999999 0.13875 0.3675
1 0.109375 0.8292190833333333 0.220625 0.19166600000000011
1 0.1484375 0.5596871666666666 0.298125 0.44416700000000003
1 0.1928125 0.10286458333333333 0.2675 0.2075
1 0.25453125 0.8472395833333334 0.101875 0.1758329999999999
1 0.36484375 0.7422916666666667 0.27374999999999994 0.365833
1 0.358671875 0.13598924999999998 0.24687499999999998 0.196667
1 0.5467578125 0.07291666666666667 0.291875 0.146667
1 0.6578906250000001 0.7068746666666668 0.33312499999999995 0.42833399999999994
1 0.815078125 0.12630208333333334 0.286875 0.254167
1 0.8679296875 0.32515625 0.25750000000000006 0.44750000000000006
1 0.8800390625 0.7038544999999999 0.23750000000000004 0.361666
1 0.9676171875 0.045572916666666664 0.05437499999999995 0.093333
