1 0.3898762884333821 0.0997265625 0.030955999999999984 0.03437499999999999
1 0.4014309019033675 0.050390625 0.020638 0.020624999999999998
1 0.5489825768667643 0.1262109375 0.06097500000000005 0.015
1 0.559853644216691 0.0463671875 0.015009000000000005 0.021875000000000006
1 0.608677803806735 0.05921875 0.041276 0.023749999999999993
1 0.664735288433382 0.0078125 0.03095700000000004 0.016875
1 0.6925796749633967 0.0484375 0.03846200000000007 0.016875
1 0.7269910614934114 0.0100390625 0.04690400000000002 0.01875
1 0.7638746749633968 0.050078125 0.04033699999999997 0.036875000000000005
1 0.7873266749633967 0.0078125 0.038461000000000016 0.016875
1 0.8941102576866765 0.1373828125 0.007504999999999947 0.010624999999999996
1 0.9281529326500731 0.1340234375 0.04596699999999993 0.030625
1 0.9239449019033674 0.06519531249999999 0.020638000000000083 0.025625000000000002
1 0.9618548345534408 0.0107421875 0.06660400000000004 0.021875
1 0.9574182884333822 0.156796875 0.03001800000000001 0.027499999999999997
