0 0.6673958125 0.26797168539325844 0.166667 0.15776699999999996
0 0.0087890625 0.39778586516853937 0.018987 0.06796099999999997
0 0.0166015625 0.15789822471910114 0.033755 0.08980500000000001
0 0.060002625000000004 0.40043641573033706 0.08227899999999999 0.09223300000000002
0 0.0537931875 0.13973988764044942 0.052743000000000005 0.05825300000000001
0 0.05961525 0.3047888876404494 0.040085 0.058252
0 0.13556525 0.6483252921348315 0.04008400000000001 0.05582500000000002
0 0.1506833125 0.6888680561797753 0.05696200000000001 0.07281499999999998
0 0.238001 0.03146067415730337 0.06329100000000001 0.063107
0 0.24612625 0.31858891011235957 0.07173000000000002 0.04611600000000003
0 0.3169543125 0.07226973033707865 0.120253 0.13592300000000002
0 0.318013125 0.261906606741573 0.06751099999999999 0.09708800000000001
0 0.569925125 0.337149606741573 0.09915600000000002 0.09708699999999998
0 0.5803995 0.4038995280898876 0.048523000000000094 0.036408
0 0.684393375 0.4731590898876405 0.137131 0.15533999999999998
0 0.7804255 0.43243651685393264 0.10970500000000005 0.14320399999999997
0 0.769177375 0.7984944157303371 0.07594899999999993 0.09223299999999995
0 0.9279859375 0.30177287640449435 0.13924000000000003 0.162621
0 0.9302518125 0.45729268539325846 0.13502100000000006 0.15776699999999996
