1 0.0166015625 0.40116253825857523 0.035 0.126689
1 0.0205078125 0.19778205277044852 0.04125 0.07263499999999999
1 0.0224609375 0.2710945382585752 0.045 0.12837899999999997
1 0.025390625 0.13169400791556726 0.05125 0.06081100000000001
1 0.07421875 0.7533380765171503 0.15 0.2550679999999999
1 0.1064453125 0.9311977994722955 0.21375 0.13175699999999999
1 0.116875 0.545358031662269 0.21875 0.2449330000000001
1 0.06234375 0.2775931424802111 0.056249999999999994 0.09459500000000001
1 0.09664062500000001 0.33433501583113456 0.11374999999999999 0.12162100000000003
1 0.065078125 0.18336888126649076 0.036250000000000004 0.09121599999999998
1 0.086015625 0.17260474670184695 0.020000000000000004 0.059122000000000015
1 0.12640625 0.27078679155672825 0.07125000000000001 0.06925699999999996
1 0.1345703125 0.22291100791556728 0.05750000000000001 0.06080999999999998
1 0.168046875 0.21171514248021106 0.06 0.09290500000000003
1 0.2722265625 0.7687994722955145 0.2525 0.2888509999999999
1 0.2092578125 0.30383131398416885 0.10374999999999998 0.076013
1 0.21375 0.24371144063324537 0.06375 0.045608
1 0.28546875 0.4868788073878628 0.15000000000000002 0.1925669999999999
1 0.27609375 0.2893194406332454 0.056249999999999994 0.04729699999999999
1 0.310234375 0.3444206649076518 0.10625000000000001 0.09966200000000001
1 0.3871875 0.9007298073878628 0.23624999999999996 0.192568
1 0.359140625 0.31475514248021114 0.05125000000000002 0.09459499999999993
1 0.3872265625 0.4532197915567282 0.065 0.06925699999999999
1 0.39109375 0.38227379155672825 0.05624999999999997 0.07094599999999998
1 0.420546875 0.32310344063324536 0.06 0.04729699999999999
1 0.43546875 0.4108784485488126 0.08625 0.10810800000000004
1 0.5271484375 0.4296065013192612 0.15624999999999994 0.17905400000000002
1 0.579296875 0.31221432189973614 0.12249999999999994 0.135136
1 0.5984765625 0.8975608522427441 0.12874999999999992 0.20101399999999997
1 0.614921875 0.682811166226913 0.15375000000000005 0.277027
1 0.6748046875 0.49812402374670184 0.16249999999999998 0.182432
1 0.6422265625 0.308577926121372 0.06500000000000006 0.10135099999999994
1 0.66453125 0.3434227915567282 0.10250000000000004 0.07094599999999998
1 0.7034765625 0.9510003588390502 0.06499999999999995 0.08614799999999993
1 0.735546875 0.26660632189973615 0.12249999999999994 0.136825
1 0.7447265625 0.6909987704485488 0.12875000000000003 0.24155400000000002
1 0.8216015625 0.9398044934036939 0.22124999999999995 0.11655400000000002
1 0.7828125 0.3934433746701847 0.14249999999999996 0.20608100000000004
1 0.8348828125 0.5747168073878628 0.135 0.19256700000000004
1 0.874921875 0.8374273377308706 0.21625000000000005 0.256757
1 0.8512890625 0.18927406068601585 0.08124999999999993 0.133446
1 0.89578125 0.3121659709762533 0.10250000000000004 0.11317499999999997
1 0.8969921875 0.44385997889182055 0.08499999999999996 0.17229700000000003
1 0.9401171875 0.7226746807387863 0.11625000000000008 0.2212829999999999
1 0.9491015625 0.5627941055408971 0.09750000000000003 0.14358099999999996
1 0.9602734375 0.4216425831134564 0.061249999999999916 0.13851300000000002
1 0.9641796875 0.9308280606860159 0.06874999999999998 0.13344599999999998
1 0.9675 0.26332602374670183 0.0625 0.18243299999999998
