2 0.555234375 0.4788713133235725 0.138125 0.14634200000000003
2 0.28304687500000003 0.5289320863836017 0.21562499999999998 0.16135100000000002
2 0.255 0.6745636017569546 0.156875 0.17542199999999997
2 0.37203125 0.8343716573938507 0.16500000000000004 0.311445
2 0.3703515625 0.6603524055636897 0.15999999999999998 0.21388399999999996
2 0.4082421875 0.37005331332357244 0.17812499999999998 0.14634200000000008
2 0.441640625 0.5193417920937042 0.11499999999999999 0.22420200000000004
2 0.449453125 0.7617442210834553 0.036250000000000004 0.07504699999999996
2 0.54546875 0.6102474729136165 0.21125 0.17260799999999996
2 0.53046875 0.8324524978038068 0.14999999999999997 0.28611599999999987
2 0.5576171875 0.34428750366032207 0.11687499999999995 0.19512199999999996
2 0.6051953125 0.684856663250366 0.181875 0.22138800000000003
2 0.6859375 0.4659668286969253 0.140625 0.157598
2 0.7453125 0.5843232459736457 0.20375 0.18855500000000003
2 0.7483203125 0.7090450863836018 0.181875 0.16228899999999993
