1 0.6823828125 0.53223925 0.10499999999999998 0.13499999999999993
1 0.012812500000000001 0.38630241666666665 0.015625 0.04666600000000002
1 0.028984375 0.3963024166666667 0.011875000000000004 0.04499999999999993
1 0.04765625 0.3996354166666667 0.008125 0.046667000000000014
1 0.0525390625 0.4221871666666666 0.018125000000000002 0.06833400000000005
1 0.0719140625 0.41994791666666664 0.018125000000000002 0.06166699999999999
1 0.087265625 0.4273437500000001 0.020625000000000004 0.05666699999999995
1 0.1046875 0.45151075 0.016875 0.05666599999999996
1 0.1427734375 0.4557809166666667 0.030625000000000013 0.06083399999999998
1 0.168125 0.4679170000000001 0.03125 0.06499999999999995
1 0.2008984375 0.4716149166666666 0.030625000000000013 0.06000000000000005
1 0.2204296875 0.48703158333333335 0.03875000000000001 0.08250000000000002
1 0.24796875 0.5051038333333333 0.024999999999999994 0.08916700000000007
1 0.2722265625 0.5111975833333333 0.03500000000000003 0.08250000000000002
1 0.3093359375 0.5151038333333333 0.04625000000000001 0.08916700000000007
1 0.3454296875 0.5370315833333333 0.06874999999999998 0.08249999999999995
1 0.3434765625 0.6827086666666666 0.03374999999999995 0.053333
1 0.342890625 0.6375520833333334 0.020625000000000004 0.06750000000000005
1 0.3723046875 0.64515625 0.03749999999999998 0.07249999999999994
1 0.3734765625 0.7067190833333333 0.03437499999999999 0.06666599999999996
1 0.3921484375 0.55692675 0.06187500000000001 0.11750000000000001
1 0.4055078125 0.4635934166666667 0.04249999999999998 0.07583399999999996
1 0.420546875 0.6641666666666667 0.05937500000000001 0.0858329999999999
1 0.4208203125 0.3733336666666667 0.05812499999999998 0.08416599999999996
1 0.428359375 0.290417 0.04375000000000001 0.06333300000000001
1 0.4387109375 0.7526038333333332 0.04625000000000001 0.09000000000000001
1 0.4522265625 0.5771875 0.06562499999999999 0.11000000000000003
1 0.45734375 0.4645315833333334 0.05562499999999998 0.08249999999999995
1 0.46953125 0.3809378333333333 0.070625 0.08916600000000008
1 0.4682421875 0.2983850833333333 0.05437500000000001 0.0675
1 0.4703125 0.7009378333333333 0.046875 0.09000000000000001
1 0.4911328125 0.796875 0.07312499999999994 0.09416699999999996
1 0.5139453125 0.59692675 0.08937499999999998 0.11833400000000001
1 0.5159374999999999 0.4900524166666667 0.07875000000000004 0.10833300000000001
1 0.5166015625 0.3870315833333333 0.06625000000000003 0.08250000000000002
1 0.5265234375000001 0.30713575 0.06187499999999996 0.08750000000000006
1 0.53125 0.7169791666666666 0.06312499999999999 0.099167
1 0.5573046875 0.8251038333333334 0.07000000000000006 0.08916699999999993
1 0.59734375 0.6223434166666667 0.11750000000000005 0.13999999999999999
1 0.595546875 0.3965100833333333 0.08999999999999997 0.09833399999999999
1 0.585625 0.3019274166666666 0.0631250000000001 0.07750000000000005
1 0.61265625 0.7520833333333332 0.10187499999999994 0.10666700000000014
1 0.6383203125 0.8645309166666667 0.08875 0.12416699999999992
1 0.6603515625 0.4167711666666667 0.09687499999999993 0.13083299999999998
1 0.6561328125 0.3108336666666667 0.07374999999999998 0.08416599999999996
1 0.6944921875 0.6701041666666666 0.11625000000000008 0.13083299999999998
1 0.7159765625 0.7818225833333333 0.09687500000000004 0.11333400000000005
1 0.742578125 0.30322883333333334 0.09812500000000002 0.120834
1 0.7716796875 0.5695836666666667 0.09999999999999998 0.14666599999999996
1 0.8086328125 0.7013020833333332 0.10499999999999998 0.12916700000000003
1 0.816171875 0.80796875 0.09062499999999996 0.088333
1 0.84265625 0.33765591666666667 0.13437500000000002 0.155
1 0.862890625 0.45932258333333337 0.11375000000000002 0.11416699999999991
1 0.8790234375 0.5876041666666666 0.09312500000000001 0.13083300000000012
1 0.9035546875 0.72609375 0.10062499999999996 0.11833299999999995
