2 0.606965553505535 0.643515625 0.11189999999999999 0.083125
2 0.32041712300122993 0.57078125 0.026004000000000044 0.07187500000000002
2 0.344979258302583 0.618984375 0.053584999999999966 0.07499999999999996
2 0.347343258302583 0.56375 0.053585000000000035 0.09562500000000007
2 0.39939036900369 0.5362109374999999 0.07486200000000004 0.07687499999999997
2 0.407020405904059 0.662265625 0.081955 0.05125000000000002
2 0.46641047970479704 0.5389453125 0.096926 0.08875
2 0.4850725166051661 0.6791796875 0.10559499999999997 0.06999999999999995
2 0.5483644797047971 0.6803125 0.09692699999999992 0.04812499999999997
2 0.543715196801968 0.55078125 0.04097699999999993 0.07125000000000004
2 0.589437504305043 0.585390625 0.103231 0.08374999999999999
2 0.635547405904059 0.619140625 0.08195400000000014 0.05125000000000002
