2 0.27441431250000003 0.8243042767203516 0.120117 0.21229899999999996
2 0.15429725 0.4963400556368961 0.103515 0.14055599999999993
2 0.3369143125 0.5944362518301611 0.089843 0.09809699999999999
2 0.3720698125 0.7657394729136163 0.104493 0.16983900000000002
2 0.4101565 0.5636893806734993 0.078125 0.10102499999999998
2 0.491210625 0.5666182152269399 0.113282 0.1654460000000001
2 0.6201175 0.6002924421669107 0.11132799999999998 0.14787699999999995
2 0.740234 0.5314787979502197 0.125977 0.13177200000000006
2 0.8291011875 0.808198663250366 0.11621100000000006 0.21961999999999987
2 0.8222656875 0.5549045710102489 0.07031200000000004 0.15080600000000008
2 0.91113275 0.549048571010249 0.11718799999999996 0.15080500000000002
2 0.9462888125 0.7803809882869693 0.10449200000000003 0.18447999999999992
