1 0.783203375 0.6489676401179941 0.07519500000000001 0.09587000000000002
1 0.4560550625 0.716814377581121 0.05078100000000002 0.06637099999999996
1 0.4960940625 0.641593156342183 0.04980399999999996 0.07522099999999993
1 0.5498050625 0.805310156342183 0.050780999999999965 0.07669599999999992
1 0.550781375 0.7418876725663716 0.042969000000000035 0.053098000000000194
1 0.56152325 0.6135698200589971 0.03906299999999996 0.048671999999999924
1 0.5849605 0.4469024513274336 0.046875 0.06194700000000001
1 0.660155875 0.6371679351032449 0.05957100000000004 0.08407099999999999
1 0.6845699375 0.2876103775811209 0.04589900000000002 0.06489700000000001
1 0.72168 0.6120941563421829 0.0625 0.07522099999999993
1 0.7636721875 0.11209419764011799 0.05468700000000004 0.11209500000000003
1 0.7695315625 0.3171094926253687 0.06640599999999997 0.10029500000000005
1 0.8417966875 0.08112134513274336 0.06835999999999998 0.10914400000000003
1 0.8417969375 0.20206512389380532 0.045897999999999994 0.11651900000000003
1 0.8994136875 0.2758112713864307 0.06933600000000006 0.11061899999999997
1 0.9345701875 0.7079646401179941 0.053711000000000064 0.09586999999999994
1 0.9472660625 0.82890897640118 0.050780999999999965 0.12241799999999987
1 0.984374875 0.48082608259587023 0.028320000000000012 0.07964600000000005
