2 0.3271875 0.2903649166666667 0.078125 0.12250000000000001
2 0.341640625 0.3886975833333333 0.08250000000000002 0.081667
2 0.40265625 0.48859375 0.07124999999999998 0.11833299999999995
2 0.4433984375 0.39020800000000005 0.09312499999999996 0.0949999999999999
2 0.472265625 0.3124996666666667 0.08250000000000002 0.085
2 0.49453125 0.4305204999999999 0.10250000000000004 0.1108340000000001
2 0.5055468750000001 0.5939059166666666 0.09062500000000001 0.09166700000000001
2 0.5420703125 0.37255241666666666 0.05687500000000001 0.10833300000000001
2 0.5603125 0.32744825 0.07999999999999996 0.10333300000000005
2 0.574140625 0.21234408333333335 0.08250000000000002 0.09666599999999997
