2 0.4885175625 0.5642612499999999 0.189542 0.22712499999999997
2 0.1967485625 0.702550375 0.158497 0.20098100000000008
2 0.3576066875 0.775926875 0.287582 0.27777799999999997
2 0.3490095 0.618221625 0.17320200000000002 0.20751600000000003
2 0.3650879375 0.5157330625000001 0.14052199999999998 0.14379099999999995
2 0.448924875 0.84459225 0.21568699999999996 0.25817
2 0.5884713125000001 0.4666565 0.21405199999999996 0.17320300000000005
2 0.6319510625 0.663297 0.205882 0.220588
2 0.6860003125 0.835107375 0.30718899999999993 0.263072
2 0.7696585 0.661663 0.14215699999999998 0.21895399999999998
