1 0.37296875 0.28670450951683746 0.08625 0.10412700000000004
1 0.1823828125 0.5427496325036604 0.10375000000000001 0.19793599999999992
1 0.256484375 0.4591453748169839 0.13687500000000002 0.19230799999999998
1 0.28335937499999997 0.6882227306002928 0.136875 0.17823699999999987
1 0.3221484375 0.3382111903367496 0.06125000000000003 0.05065600000000001
1 0.3863671875 0.1858465402635432 0.08437500000000003 0.12757999999999997
1 0.384921875 0.3800824172767204 0.059374999999999956 0.033772000000000024
1 0.4228125 0.12212663836017569 0.08000000000000002 0.106004
1 0.4319140625 0.2460247364568082 0.080625 0.08536599999999997
1 0.43828125 0.3309077672035139 0.07187499999999997 0.10975700000000001
1 0.47296875 0.19612138067349924 0.05624999999999997 0.102252
1 0.4698828125 0.39660070571010253 0.04124999999999995 0.062851
1 0.49078125 0.26631996339677894 0.03937499999999999 0.06754299999999999
1 0.5072265625 0.31420712298682285 0.06562500000000004 0.09662200000000001
1 0.5334375 0.40449063836017574 0.078125 0.10600400000000004
1 0.5369921875 0.21994209224011713 0.05312499999999998 0.07129499999999998
1 0.56515625 0.25462515373352856 0.07187500000000002 0.11726099999999998
1 0.628359375 0.5921959575402636 0.16874999999999996 0.158537
1 0.6233203125 0.7690561478770132 0.15125 0.20825499999999997
1 0.596484375 0.46407260761346997 0.07437500000000008 0.08442799999999995
1 0.6052734375 0.34017550951683745 0.06125000000000003 0.10506500000000002
1 0.6267578125 0.16223712298682286 0.0737500000000001 0.094746
1 0.6513671875 0.38929728257686674 0.08499999999999996 0.12101299999999997
1 0.665625 0.2596838653001464 0.09562499999999996 0.09005599999999997
1 0.6707421875 0.4799495095168375 0.08562499999999995 0.10412799999999997
1 0.7402734375 0.7301822767203514 0.09187500000000004 0.21200799999999992
1 0.7488671875 0.24707699414348464 0.08437499999999998 0.09286999999999998
1 0.7615625 0.48727015373352855 0.07937499999999997 0.11913700000000006
1 0.7726953125 0.3479080248901903 0.08812500000000001 0.11538400000000001
1 0.7700390625 0.5457557057101026 0.050000000000000044 0.06378999999999986
1 0.8228515625 0.2678023133235725 0.09624999999999995 0.14634199999999994
1 0.820703125 0.46512486530014635 0.03687499999999999 0.08818000000000002
1 0.8464453125 0.3658011229868228 0.05687500000000001 0.09662299999999999
1 0.8825 0.3057900614934114 0.03125 0.048779999999999976
