1 0.09765650000000001 0.6163877507331378 0.11093699999999998 0.11606099999999997
1 0.0283203125 0.5993903020527859 0.057031 0.12192300000000005
1 0.03125 0.724830302052786 0.0625 0.1230949999999999
1 0.1220698125 0.7262893724340176 0.16640700000000003 0.10082099999999986
1 0.14999975 0.3455612375366569 0.055469000000000004 0.058617000000000016
1 0.1642575625 0.539878064516129 0.06562499999999999 0.06565100000000007
1 0.194921625 0.3531734809384164 0.051563000000000025 0.028136000000000074
1 0.183203625 0.30862758357771264 0.020311999999999997 0.039859999999999986
1 0.226171875 0.6412969237536658 0.08984400000000001 0.10668199999999997
1 0.20937475 0.48507954545454546 0.054688000000000014 0.09144199999999994
1 0.210546625 0.3209391348973607 0.051563000000000025 0.046892999999999976
1 0.26796825 0.7081230263929619 0.13437600000000002 0.11957800000000006
1 0.2279296875 0.2851846862170088 0.037500000000000006 0.05040999999999998
1 0.2507815 0.5686160263929619 0.07890600000000003 0.11957799999999998
1 0.2611330625 0.3355915835777126 0.04999999999999999 0.03985900000000001
1 0.268359875 0.488001788856305 0.05937499999999998 0.06213300000000001
1 0.2759765625 0.2872354105571847 0.035155999999999965 0.04923800000000002
1 0.29843725 0.2974962375366569 0.039063000000000014 0.058616
1 0.32812525 0.5920589237536656 0.07109300000000002 0.10785500000000003
1 0.343359875 0.3396930322580645 0.06015600000000004 0.03282500000000001
1 0.3662106875 0.6451144046920821 0.10078199999999998 0.133646
1 0.3396486875 0.3004184809384164 0.03750000000000003 0.029308
1 0.3552731875 0.2851815835777126 0.05312500000000003 0.038687000000000006
1 0.4240239375 0.5642171994134897 0.077343 0.11019900000000005
1 0.5445315 0.3267970322580645 0.015625 0.03517
1 0.5435546875 0.35727492961876833 0.00781199999999993 0.02344599999999996
1 0.578515875 0.3692953079178886 0.027344000000000035 0.03634199999999992
1 0.6087895625 0.3690051348973607 0.035155999999999965 0.04454799999999994
1 0.6423823125 0.3754474809384164 0.026563000000000003 0.02930799999999996
1 0.6685541875 0.36313592961876834 0.021876000000000007 0.02344700000000002
1 0.7341796875 0.33383103225806454 0.03750000000000009 0.03517
1 0.7736333125 0.3394059618768328 0.027343000000000006 0.05510000000000006
1 0.8447263125 0.3605048592375366 0.025782000000000083 0.04220400000000005
1 0.9093755 0.34878085923753666 0.046875 0.042203999999999964
