2 0.4610546875 0.26124966666666666 0.56875 0.5225000000000001
2 0.087890625 0.04296875 0.1775 0.086667
2 0.111328125 0.20390658333333334 0.22375 0.30000000000000004
2 0.123046875 0.57421875 0.24625 0.400833
2 0.1207421875 0.7702079999999999 0.20937499999999998 0.21999999999999997
2 0.1121875 0.94744825 0.11000000000000001 0.10250000000000004
2 0.29386718749999996 0.8837503333333334 0.240625 0.22999999999999998
2 0.3609765625 0.68276075 0.34750000000000003 0.49416600000000005
2 0.4791015625 0.7412503333333333 0.16000000000000003 0.356666
2 0.5837890625 0.88578125 0.23812499999999998 0.2266670000000001
2 0.745 0.7044795 0.37625 0.516666
2 0.6201171875 0.4424475833333334 0.08562499999999995 0.14499999999999993
2 0.692421875 0.3741145833333333 0.15375000000000005 0.14583300000000002
2 0.78171875 0.9454163333333333 0.18062500000000004 0.10583400000000005
2 0.848515625 0.07291666666666667 0.30125 0.1475
2 0.8518359375 0.4996875 0.29500000000000004 0.6116670000000001
2 0.9119140625 0.8757288333333334 0.17437500000000006 0.24583400000000002
